org_id remap_id
1 0
3 1
4 2
6 3
7 4
12 5
14 6
16 7
20 8
21 9
25 10
27 11
30 12
32 13
37 14
39 15
40 16
41 17
43 18
46 19
47 20
50 21
51 22
52 23
54 24
55 25
56 26
57 27
60 28
61 29
63 30
64 31
66 32
67 33
68 34
69 35
70 36
71 37
72 38
74 39
76 40
77 41
79 42
80 43
81 44
83 45
84 46
85 47
86 48
87 49
88 50
89 51
91 52
94 53
95 54
96 55
98 56
100 57
104 58
105 59
106 60
108 61
109 62
110 63
111 64
112 65
113 66
114 67
115 68
116 69
120 70
121 71
122 72
124 73
125 74
126 75
128 76
132 77
135 78
138 79
140 80
141 81
142 82
143 83
144 84
145 85
152 86
153 87
154 88
155 89
158 90
159 91
160 92
164 93
167 94
168 95
170 96
171 97
172 98
174 99
176 100
177 101
180 102
182 103
184 104
185 105
188 106
189 107
191 108
194 109
196 110
197 111
200 112
201 113
206 114
207 115
209 116
211 117
213 118
215 119
217 120
218 121
219 122
221 123
222 124
226 125
227 126
228 127
231 128
232 129
233 130
234 131
236 132
239 133
241 134
243 135
244 136
246 137
247 138
248 139
250 140
251 141
252 142
253 143
254 144
256 145
257 146
263 147
265 148
266 149
269 150
275 151
276 152
277 153
279 154
280 155
282 156
283 157
286 158
288 159
289 160
290 161
292 162
294 163
296 164
297 165
298 166
304 167
311 168
312 169
313 170
315 171
316 172
317 173
318 174
320 175
322 176
324 177
325 178
328 179
330 180
332 181
334 182
341 183
344 184
345 185
347 186
350 187
353 188
354 189
356 190
357 191
358 192
359 193
360 194
361 195
362 196
363 197
364 198
365 199
367 200
369 201
370 202
371 203
373 204
374 205
375 206
378 207
379 208
381 209
382 210
383 211
384 212
387 213
388 214
389 215
391 216
393 217
394 218
395 219
397 220
399 221
400 222
401 223
404 224
405 225
407 226
410 227
413 228
414 229
416 230
417 231
418 232
420 233
421 234
422 235
423 236
427 237
428 238
430 239
431 240
432 241
433 242
434 243
437 244
439 245
440 246
441 247
443 248
446 249
447 250
448 251
449 252
450 253
455 254
458 255
459 256
460 257
464 258
465 259
467 260
468 261
469 262
470 263
472 264
473 265
478 266
479 267
483 268
484 269
485 270
486 271
487 272
488 273
489 274
490 275
491 276
492 277
495 278
497 279
501 280
502 281
503 282
506 283
507 284
510 285
511 286
512 287
514 288
519 289
521 290
522 291
525 292
526 293
527 294
532 295
535 296
537 297
538 298
540 299
542 300
544 301
545 302
547 303
552 304
553 305
554 306
555 307
557 308
559 309
561 310
562 311
564 312
565 313
567 314
568 315
572 316
573 317
574 318
576 319
578 320
579 321
580 322
581 323
582 324
584 325
586 326
589 327
592 328
596 329
597 330
598 331
599 332
600 333
603 334
606 335
607 336
609 337
612 338
614 339
615 340
616 341
617 342
618 343
619 344
622 345
625 346
626 347
627 348
628 349
632 350
633 351
634 352
636 353
640 354
642 355
643 356
645 357
649 358
650 359
653 360
657 361
658 362
661 363
665 364
668 365
670 366
672 367
674 368
675 369
679 370
680 371
681 372
682 373
683 374
684 375
686 376
688 377
693 378
694 379
700 380
701 381
703 382
704 383
707 384
708 385
709 386
715 387
717 388
719 389
722 390
723 391
725 392
726 393
730 394
734 395
738 396
740 397
741 398
742 399
745 400
747 401
748 402
750 403
751 404
756 405
758 406
759 407
760 408
761 409
762 410
763 411
766 412
768 413
769 414
771 415
772 416
773 417
775 418
779 419
782 420
784 421
786 422
790 423
792 424
794 425
797 426
799 427
803 428
804 429
805 430
806 431
807 432
809 433
811 434
812 435
813 436
814 437
815 438
819 439
821 440
825 441
826 442
827 443
831 444
833 445
834 446
835 447
836 448
837 449
841 450
842 451
844 452
845 453
847 454
848 455
851 456
852 457
856 458
857 459
860 460
861 461
863 462
865 463
866 464
867 465
868 466
870 467
871 468
874 469
875 470
878 471
879 472
882 473
883 474
884 475
885 476
886 477
887 478
888 479
892 480
894 481
895 482
896 483
898 484
900 485
901 486
902 487
903 488
906 489
907 490
908 491
909 492
912 493
913 494
914 495
915 496
916 497
917 498
920 499
923 500
925 501
930 502
932 503
933 504
936 505
938 506
941 507
942 508
943 509
944 510
946 511
947 512
950 513
951 514
959 515
961 516
962 517
964 518
965 519
967 520
968 521
969 522
972 523
974 524
976 525
978 526
979 527
982 528
983 529
986 530
988 531
989 532
991 533
992 534
993 535
994 536
995 537
997 538
1000 539
1002 540
1003 541
1005 542
1006 543
1007 544
1008 545
1009 546
1011 547
1012 548
1013 549
1014 550
1020 551
1023 552
1024 553
1025 554
1026 555
1027 556
1028 557
1035 558
1036 559
1037 560
1039 561
1041 562
1042 563
1043 564
1045 565
1046 566
1047 567
1048 568
1049 569
1052 570
1055 571
1056 572
1060 573
1061 574
1065 575
1067 576
1070 577
1075 578
1076 579
1080 580
1081 581
1082 582
1083 583
1085 584
1089 585
1090 586
1091 587
1092 588
1093 589
1095 590
1098 591
1102 592
1103 593
1104 594
1106 595
1107 596
1108 597
1110 598
1111 599
1118 600
1123 601
1126 602
1136 603
1138 604
1143 605
1144 606
1145 607
1148 608
1149 609
1153 610
1154 611
1156 612
1157 613
1158 614
1161 615
1163 616
1166 617
1167 618
1171 619
1174 620
1175 621
1177 622
1178 623
1180 624
1185 625
1187 626
1188 627
1189 628
1190 629
1192 630
1195 631
1197 632
1200 633
1201 634
1205 635
1208 636
1210 637
1212 638
1213 639
1214 640
1217 641
1222 642
1225 643
1226 644
1229 645
1233 646
1234 647
1235 648
1236 649
1237 650
1238 651
1239 652
1240 653
1245 654
1247 655
1248 656
1249 657
1250 658
1251 659
1253 660
1256 661
1257 662
1258 663
1259 664
1269 665
1270 666
1275 667
1276 668
1277 669
1278 670
1280 671
1282 672
1283 673
1286 674
1287 675
1289 676
1290 677
1292 678
1293 679
1295 680
1296 681
1302 682
1304 683
1305 684
1307 685
1308 686
1309 687
1310 688
1313 689
1315 690
1316 691
1318 692
1319 693
1326 694
1327 695
1330 696
1332 697
1334 698
1336 699
1337 700
1341 701
1342 702
1344 703
1346 704
1349 705
1351 706
1353 707
1355 708
1359 709
1363 710
1364 711
1365 712
1368 713
1371 714
1372 715
1373 716
1375 717
1376 718
1378 719
1379 720
1381 721
1382 722
1384 723
1385 724
1386 725
1388 726
1394 727
1397 728
1398 729
1400 730
1401 731
1402 732
1403 733
1405 734
1406 735
1409 736
1410 737
1411 738
1412 739
1414 740
1416 741
1417 742
1419 743
1423 744
1424 745
1428 746
1429 747
1431 748
1432 749
1433 750
1435 751
1436 752
1438 753
1439 754
1443 755
1444 756
1445 757
1446 758
1452 759
1453 760
1454 761
1455 762
1456 763
1458 764
1459 765
1460 766
1461 767
1462 768
1467 769
1469 770
1471 771
1475 772
1476 773
1477 774
1478 775
1479 776
1480 777
1482 778
1485 779
1486 780
1487 781
1488 782
1493 783
1494 784
1504 785
1508 786
1510 787
1511 788
1512 789
1515 790
1517 791
1518 792
1519 793
1520 794
1521 795
1522 796
1523 797
1526 798
1528 799
1529 800
1531 801
1533 802
1534 803
1535 804
1536 805
1537 806
1538 807
1539 808
1541 809
1548 810
1549 811
1550 812
1553 813
1554 814
1555 815
1557 816
1558 817
1559 818
1562 819
1563 820
1565 821
1566 822
1568 823
1569 824
1570 825
1572 826
1573 827
1574 828
1575 829
1576 830
1578 831
1580 832
1581 833
1582 834
1583 835
1588 836
1589 837
1590 838
1596 839
1603 840
1604 841
1610 842
1612 843
1614 844
1615 845
1618 846
1619 847
1620 848
1621 849
1622 850
1623 851
1625 852
1627 853
1629 854
1633 855
1637 856
1638 857
1642 858
1644 859
1646 860
1649 861
1651 862
1652 863
1653 864
1654 865
1656 866
1657 867
1659 868
1660 869
1661 870
1662 871
1663 872
1664 873
1665 874
1668 875
1669 876
1670 877
1672 878
1673 879
1674 880
1677 881
1679 882
1682 883
1684 884
1686 885
1691 886
1700 887
1702 888
1703 889
1704 890
1705 891
1707 892
1708 893
1710 894
1711 895
1713 896
1715 897
1718 898
1719 899
1720 900
1725 901
1728 902
1729 903
1730 904
1731 905
1732 906
1734 907
1735 908
1738 909
1739 910
1740 911
1742 912
1743 913
1745 914
1750 915
1751 916
1754 917
1756 918
1760 919
1762 920
1763 921
1766 922
1769 923
1770 924
1771 925
1772 926
1773 927
1774 928
1777 929
1782 930
1783 931
1784 932
1785 933
1786 934
1787 935
1788 936
1789 937
1792 938
1795 939
1798 940
1799 941
1801 942
1808 943
1809 944
1810 945
1811 946
1813 947
1814 948
1815 949
1816 950
1818 951
1821 952
1822 953
1823 954
1826 955
1827 956
1829 957
1830 958
1832 959
1834 960
1838 961
1839 962
1840 963
1844 964
1846 965
1847 966
1848 967
1849 968
1850 969
1852 970
1855 971
1857 972
1858 973
1859 974
1862 975
1864 976
1867 977
1868 978
1869 979
1872 980
1874 981
1876 982
1878 983
1881 984
1885 985
1886 986
1888 987
1892 988
1893 989
1895 990
1898 991
1900 992
1905 993
1906 994
1907 995
1909 996
1910 997
1911 998
1913 999
1914 1000
1915 1001
1917 1002
1918 1003
1919 1004
1921 1005
1923 1006
1924 1007
1927 1008
1929 1009
1931 1010
1932 1011
1933 1012
1934 1013
1935 1014
1936 1015
1940 1016
1942 1017
1944 1018
1945 1019
1946 1020
1953 1021
1955 1022
1956 1023
1957 1024
1959 1025
1961 1026
1963 1027
1964 1028
1965 1029
1966 1030
1967 1031
1970 1032
1971 1033
1972 1034
1973 1035
1975 1036
1977 1037
1979 1038
1981 1039
1986 1040
1987 1041
1989 1042
1990 1043
1991 1044
1992 1045
1993 1046
1994 1047
1995 1048
1997 1049
1999 1050
2000 1051
2001 1052
2003 1053
2005 1054
2006 1055
2007 1056
2009 1057
2013 1058
2014 1059
2019 1060
2028 1061
2032 1062
2033 1063
2034 1064
2036 1065
2037 1066
2040 1067
2043 1068
2044 1069
2045 1070
2046 1071
2048 1072
2049 1073
2052 1074
2053 1075
2057 1076
2058 1077
2061 1078
2062 1079
2065 1080
2066 1081
2069 1082
2074 1083
2075 1084
2076 1085
2079 1086
2080 1087
2081 1088
2082 1089
2083 1090
2086 1091
2087 1092
2089 1093
2093 1094
2094 1095
2095 1096
2099 1097
2103 1098
2104 1099
2107 1100
2108 1101
2111 1102
2112 1103
2113 1104
2115 1105
2117 1106
2118 1107
2123 1108
2126 1109
2128 1110
2130 1111
2132 1112
2133 1113
2134 1114
2135 1115
2137 1116
2138 1117
2139 1118
2141 1119
2142 1120
2147 1121
2149 1122
2150 1123
2151 1124
2152 1125
2154 1126
2155 1127
2159 1128
2160 1129
2163 1130
2169 1131
2182 1132
2183 1133
2184 1134
2189 1135
2191 1136
2193 1137
2196 1138
2197 1139
2198 1140
2200 1141
2201 1142
2202 1143
2204 1144
2207 1145
2209 1146
2210 1147
2213 1148
2214 1149
2216 1150
2217 1151
2218 1152
2220 1153
2224 1154
2226 1155
2227 1156
2228 1157
2229 1158
2234 1159
2236 1160
2238 1161
2240 1162
2243 1163
2245 1164
2249 1165
2250 1166
2252 1167
2253 1168
2254 1169
2256 1170
2257 1171
2260 1172
2267 1173
2268 1174
2269 1175
2273 1176
2274 1177
2275 1178
2277 1179
2278 1180
2280 1181
2281 1182
2283 1183
2284 1184
2285 1185
2286 1186
2287 1187
2289 1188
2291 1189
2292 1190
2294 1191
2295 1192
2296 1193
2297 1194
2299 1195
2300 1196
2301 1197
2305 1198
2306 1199
2308 1200
2311 1201
2312 1202
2313 1203
2314 1204
2315 1205
2317 1206
2318 1207
2319 1208
2322 1209
2324 1210
2325 1211
2326 1212
2327 1213
2328 1214
2329 1215
2331 1216
2332 1217
2333 1218
2335 1219
2336 1220
2337 1221
2339 1222
2341 1223
2342 1224
2343 1225
2345 1226
2346 1227
2347 1228
2354 1229
2356 1230
2357 1231
2358 1232
2359 1233
2360 1234
2361 1235
2362 1236
2363 1237
2364 1238
2365 1239
2366 1240
2367 1241
2369 1242
2370 1243
2371 1244
2372 1245
2373 1246
2375 1247
2377 1248
2379 1249
2381 1250
2382 1251
2384 1252
2385 1253
2386 1254
2387 1255
2388 1256
2390 1257
2391 1258
2392 1259
2394 1260
2396 1261
2397 1262
2399 1263
2400 1264
2401 1265
2404 1266
2405 1267
2408 1268
2412 1269
2413 1270
2415 1271
2416 1272
2417 1273
2418 1274
2420 1275
2421 1276
2422 1277
2423 1278
2425 1279
2426 1280
2428 1281
2430 1282
2431 1283
2432 1284
2433 1285
2434 1286
2437 1287
2439 1288
2440 1289
2441 1290
2442 1291
2443 1292
2447 1293
2448 1294
2449 1295
2450 1296
2452 1297
2460 1298
2464 1299
2467 1300
2469 1301
2470 1302
2471 1303
2473 1304
2474 1305
2475 1306
2476 1307
2477 1308
2479 1309
2480 1310
2482 1311
2483 1312
2487 1313
2488 1314
2490 1315
2492 1316
2493 1317
2494 1318
2495 1319
2499 1320
2501 1321
2502 1322
2505 1323
2508 1324
2509 1325
2510 1326
2511 1327
2512 1328
2513 1329
2514 1330
2515 1331
2516 1332
2517 1333
2518 1334
2519 1335
2520 1336
2521 1337
2522 1338
2524 1339
2525 1340
2527 1341
2528 1342
2530 1343
2531 1344
2532 1345
2534 1346
2535 1347
2536 1348
2538 1349
2539 1350
2542 1351
2543 1352
2545 1353
2548 1354
2549 1355
2550 1356
2551 1357
2552 1358
2553 1359
2554 1360
2556 1361
2557 1362
2558 1363
2560 1364
2561 1365
2563 1366
2568 1367
2569 1368
2570 1369
2571 1370
2573 1371
2574 1372
2577 1373
2578 1374
2579 1375
2580 1376
2582 1377
2584 1378
2586 1379
2587 1380
2588 1381
2591 1382
2594 1383
2596 1384
2597 1385
2598 1386
2600 1387
2601 1388
2602 1389
2603 1390
2604 1391
2606 1392
2607 1393
2610 1394
2612 1395
2613 1396
2614 1397
2615 1398
2616 1399
2617 1400
2618 1401
2619 1402
2622 1403
2623 1404
2626 1405
2630 1406
2631 1407
2632 1408
2633 1409
2635 1410
2636 1411
2637 1412
2639 1413
2640 1414
2642 1415
2644 1416
2646 1417
2647 1418
2650 1419
2652 1420
2653 1421
2655 1422
2657 1423
2658 1424
2660 1425
2661 1426
2662 1427
2666 1428
2667 1429
2671 1430
2672 1431
2673 1432
2675 1433
2677 1434
2678 1435
2686 1436
2687 1437
2690 1438
2694 1439
2695 1440
2696 1441
2697 1442
2698 1443
2702 1444
2703 1445
2704 1446
2705 1447
2706 1448
2707 1449
2708 1450
2709 1451
2710 1452
2711 1453
2712 1454
2713 1455
2714 1456
2715 1457
2716 1458
2717 1459
2720 1460
2721 1461
2722 1462
2723 1463
2725 1464
2726 1465
2727 1466
2728 1467
2729 1468
2732 1469
2733 1470
2735 1471
2739 1472
2741 1473
2746 1474
2749 1475
2755 1476
2758 1477
2759 1478
2760 1479
2762 1480
2763 1481
2767 1482
2768 1483
2770 1484
2773 1485
2775 1486
2780 1487
2782 1488
2783 1489
2789 1490
2791 1491
2797 1492
2798 1493
2799 1494
2800 1495
2802 1496
2805 1497
2806 1498
2811 1499
2813 1500
2815 1501
2816 1502
2817 1503
2819 1504
2821 1505
2822 1506
2823 1507
2827 1508
2828 1509
2829 1510
2830 1511
2831 1512
2833 1513
2834 1514
2835 1515
2836 1516
2838 1517
2839 1518
2842 1519
2843 1520
2845 1521
2850 1522
2851 1523
2853 1524
2855 1525
2856 1526
2858 1527
2861 1528
2862 1529
2864 1530
2865 1531
2867 1532
2869 1533
2871 1534
2875 1535
2877 1536
2879 1537
2881 1538
2884 1539
2886 1540
2891 1541
2892 1542
2893 1543
2902 1544
2904 1545
2906 1546
2908 1547
2911 1548
2912 1549
2914 1550
2915 1551
2917 1552
2920 1553
2922 1554
2923 1555
2924 1556
2925 1557
2927 1558
2930 1559
2932 1560
2936 1561
2940 1562
2945 1563
2948 1564
2949 1565
2950 1566
2951 1567
2953 1568
2954 1569
2956 1570
2957 1571
2958 1572
2959 1573
2960 1574
2961 1575
2963 1576
2964 1577
2965 1578
2970 1579
2971 1580
2973 1581
2977 1582
2979 1583
2981 1584
2982 1585
2983 1586
2984 1587
2987 1588
2988 1589
2991 1590
2992 1591
2993 1592
2998 1593
3003 1594
3006 1595
3008 1596
3009 1597
3011 1598
3015 1599
3016 1600
3019 1601
3021 1602
3023 1603
3027 1604
3030 1605
3034 1606
3035 1607
3037 1608
3039 1609
3040 1610
3042 1611
3043 1612
3046 1613
3047 1614
3048 1615
3049 1616
3050 1617
3052 1618
3059 1619
3060 1620
3061 1621
3062 1622
3063 1623
3064 1624
3066 1625
3068 1626
3070 1627
3071 1628
3073 1629
3076 1630
3077 1631
3078 1632
3079 1633
3083 1634
3084 1635
3088 1636
3089 1637
3090 1638
3091 1639
3092 1640
3094 1641
3097 1642
3098 1643
3100 1644
3102 1645
3103 1646
3104 1647
3106 1648
3107 1649
3109 1650
3113 1651
3115 1652
3116 1653
3117 1654
3119 1655
3120 1656
3122 1657
3124 1658
3126 1659
3127 1660
3130 1661
3131 1662
3132 1663
3133 1664
3136 1665
3137 1666
3139 1667
3141 1668
3142 1669
3144 1670
3146 1671
3149 1672
3150 1673
3152 1674
3153 1675
3155 1676
3156 1677
3160 1678
3161 1679
3162 1680
3164 1681
3165 1682
3166 1683
3168 1684
3170 1685
3173 1686
3174 1687
3175 1688
3176 1689
3177 1690
3179 1691
3181 1692
3185 1693
3186 1694
3187 1695
3188 1696
3190 1697
3194 1698
3204 1699
3207 1700
3211 1701
3212 1702
3214 1703
3215 1704
3218 1705
3220 1706
3221 1707
3222 1708
3223 1709
3225 1710
3232 1711
3234 1712
3235 1713
3236 1714
3237 1715
3238 1716
3239 1717
3241 1718
3244 1719
3245 1720
3247 1721
3248 1722
3249 1723
3251 1724
3252 1725
3254 1726
3255 1727
3256 1728
3257 1729
3258 1730
3262 1731
3264 1732
3267 1733
3268 1734
3269 1735
3273 1736
3275 1737
3276 1738
3278 1739
3282 1740
3284 1741
3286 1742
3287 1743
3288 1744
3289 1745
3291 1746
3293 1747
3294 1748
3295 1749
3296 1750
3298 1751
3302 1752
3303 1753
3306 1754
3307 1755
3310 1756
3316 1757
3318 1758
3321 1759
3322 1760
3324 1761
3325 1762
3326 1763
3330 1764
3335 1765
3337 1766
3338 1767
3339 1768
3342 1769
3343 1770
3344 1771
3347 1772
3348 1773
3350 1774
3351 1775
3352 1776
3354 1777
3355 1778
3357 1779
3359 1780
3360 1781
3362 1782
3366 1783
3368 1784
3369 1785
3372 1786
3373 1787
3375 1788
3376 1789
3379 1790
3381 1791
3382 1792
3383 1793
3385 1794
3388 1795
3392 1796
3395 1797
3396 1798
3397 1799
3398 1800
3404 1801
3405 1802
3406 1803
3407 1804
3409 1805
3417 1806
3421 1807
3424 1808
3427 1809
3429 1810
3431 1811
3433 1812
3437 1813
3438 1814
3439 1815
3440 1816
3443 1817
3446 1818
3447 1819
3448 1820
3449 1821
3451 1822
3452 1823
3455 1824
3456 1825
3459 1826
3460 1827
3461 1828
3463 1829
3465 1830
3466 1831
3467 1832
3468 1833
3470 1834
3472 1835
3478 1836
3479 1837
3480 1838
3482 1839
3485 1840
3486 1841
3488 1842
3492 1843
3494 1844
3495 1845
3496 1846
3497 1847
3500 1848
3502 1849
3506 1850
3508 1851
3510 1852
3514 1853
3522 1854
3523 1855
3525 1856
3527 1857
3530 1858
3531 1859
3533 1860
3534 1861
3535 1862
3537 1863
3541 1864
3542 1865
3544 1866
3545 1867
3548 1868
3549 1869
3551 1870
3552 1871
3553 1872
3554 1873
3559 1874
3566 1875
3567 1876
3570 1877
3573 1878
3575 1879
3577 1880
3580 1881
3581 1882
3582 1883
3583 1884
3584 1885
3587 1886
3593 1887
3595 1888
3597 1889
3602 1890
3604 1891
3606 1892
3613 1893
3616 1894
3617 1895
3623 1896
3627 1897
3628 1898
3629 1899
3631 1900
3632 1901
3633 1902
3634 1903
3636 1904
3637 1905
3639 1906
3640 1907
3642 1908
3644 1909
3645 1910
3646 1911
3647 1912
3649 1913
3655 1914
3656 1915
3657 1916
3659 1917
3660 1918
3662 1919
3663 1920
3666 1921
3667 1922
3668 1923
3670 1924
3674 1925
3680 1926
3682 1927
3686 1928
3692 1929
3694 1930
3699 1931
3700 1932
3701 1933
3702 1934
3703 1935
3706 1936
3707 1937
3708 1938
3710 1939
3711 1940
3714 1941
3719 1942
3722 1943
3723 1944
3725 1945
3728 1946
3730 1947
3734 1948
3738 1949
3739 1950
3740 1951
3743 1952
3744 1953
3747 1954
3748 1955
3750 1956
3753 1957
3755 1958
3758 1959
3764 1960
3765 1961
3767 1962
3772 1963
3774 1964
3775 1965
3776 1966
3779 1967
3781 1968
3782 1969
3783 1970
3784 1971
3785 1972
3786 1973
3787 1974
3788 1975
3794 1976
3795 1977
3797 1978
3798 1979
3800 1980
3802 1981
3803 1982
3805 1983
3809 1984
3810 1985
3813 1986
3814 1987
3817 1988
3818 1989
3820 1990
3826 1991
3828 1992
3835 1993
3838 1994
3839 1995
3840 1996
3843 1997
3845 1998
3846 1999
3848 2000
3849 2001
3851 2002
3852 2003
3854 2004
3856 2005
3857 2006
3861 2007
3862 2008
3863 2009
3865 2010
3866 2011
3867 2012
3869 2013
3870 2014
3872 2015
3873 2016
3875 2017
3876 2018
3877 2019
3879 2020
3880 2021
3881 2022
3883 2023
3886 2024
3890 2025
3893 2026
3895 2027
3897 2028
3899 2029
3901 2030
3905 2031
3906 2032
3907 2033
3909 2034
3911 2035
3915 2036
3917 2037
3918 2038
3919 2039
3920 2040
3921 2041
3924 2042
3926 2043
3928 2044
3932 2045
3933 2046
3936 2047
3937 2048
3938 2049
3939 2050
3941 2051
3943 2052
3944 2053
3949 2054
3950 2055
3952 2056
3954 2057
3956 2058
3959 2059
3960 2060
3962 2061
3964 2062
3966 2063
3968 2064
3969 2065
3972 2066
3973 2067
3975 2068
3977 2069
3979 2070
3980 2071
3982 2072
3984 2073
3986 2074
3987 2075
3990 2076
3991 2077
4000 2078
4002 2079
4003 2080
4008 2081
4010 2082
4011 2083
4012 2084
4017 2085
4019 2086
4020 2087
4023 2088
4025 2089
4027 2090
4029 2091
4031 2092
4035 2093
4037 2094
4038 2095
4039 2096
4044 2097
4045 2098
4046 2099
4047 2100
4052 2101
4056 2102
4057 2103
4059 2104
4061 2105
4063 2106
4065 2107
4066 2108
4067 2109
4068 2110
4069 2111
4073 2112
4074 2113
4075 2114
4076 2115
4080 2116
4081 2117
4087 2118
4092 2119
4095 2120
4097 2121
4100 2122
4101 2123
4102 2124
4105 2125
4106 2126
4108 2127
4109 2128
4110 2129
4111 2130
4113 2131
4119 2132
4120 2133
4125 2134
4127 2135
4128 2136
4129 2137
4135 2138
4136 2139
4137 2140
4138 2141
4142 2142
4143 2143
4145 2144
4146 2145
4147 2146
4148 2147
4149 2148
4151 2149
4154 2150
4155 2151
4157 2152
4158 2153
4159 2154
4163 2155
4164 2156
4165 2157
4166 2158
4170 2159
4172 2160
4173 2161
4174 2162
4175 2163
4176 2164
4178 2165
4180 2166
4182 2167
4184 2168
4185 2169
4187 2170
4188 2171
4189 2172
4190 2173
4191 2174
4192 2175
4196 2176
4197 2177
4198 2178
4199 2179
4200 2180
4201 2181
4202 2182
4205 2183
4206 2184
4208 2185
4209 2186
4211 2187
4214 2188
4216 2189
4221 2190
4226 2191
4228 2192
4229 2193
4230 2194
4231 2195
4232 2196
4236 2197
4239 2198
4240 2199
4241 2200
4244 2201
4245 2202
4246 2203
4247 2204
4248 2205
4251 2206
4254 2207
4255 2208
4256 2209
4259 2210
4262 2211
4263 2212
4264 2213
4266 2214
4267 2215
4270 2216
4273 2217
4275 2218
4276 2219
4278 2220
4280 2221
4282 2222
4283 2223
4288 2224
4290 2225
4292 2226
4293 2227
4295 2228
4296 2229
4297 2230
4300 2231
4301 2232
4304 2233
4306 2234
4307 2235
4311 2236
4313 2237
4314 2238
4316 2239
4317 2240
4319 2241
4320 2242
4321 2243
4324 2244
4325 2245
4330 2246
4331 2247
4332 2248
4338 2249
4339 2250
4340 2251
4341 2252
4346 2253
4348 2254
4349 2255
4350 2256
4355 2257
4357 2258
4358 2259
4359 2260
4365 2261
4366 2262
4369 2263
4370 2264
4372 2265
4376 2266
4383 2267
4385 2268
4391 2269
4392 2270
4393 2271
4394 2272
4395 2273
4396 2274
4397 2275
4398 2276
4399 2277
4400 2278
4402 2279
4403 2280
4405 2281
4410 2282
4413 2283
4419 2284
4420 2285
4421 2286
4423 2287
4424 2288
4426 2289
4427 2290
4428 2291
4429 2292
4431 2293
4432 2294
4434 2295
4435 2296
4439 2297
4440 2298
4441 2299
4442 2300
4443 2301
4444 2302
4450 2303
4453 2304
4455 2305
4462 2306
4463 2307
4464 2308
4465 2309
4468 2310
4469 2311
4474 2312
4475 2313
4479 2314
4481 2315
4487 2316
4492 2317
4493 2318
4494 2319
4495 2320
4499 2321
4500 2322
4501 2323
4503 2324
4504 2325
4513 2326
4515 2327
4516 2328
4518 2329
4519 2330
4525 2331
4527 2332
4528 2333
4529 2334
4530 2335
4533 2336
4534 2337
4536 2338
4537 2339
4538 2340
4540 2341
4542 2342
4544 2343
4545 2344
4546 2345
4547 2346
4548 2347
4549 2348
4550 2349
4551 2350
4553 2351
4554 2352
4555 2353
4557 2354
4558 2355
4559 2356
4563 2357
4564 2358
4565 2359
4567 2360
4569 2361
4570 2362
4574 2363
4576 2364
4581 2365
4582 2366
4583 2367
4584 2368
4586 2369
4587 2370
4588 2371
4590 2372
4594 2373
4595 2374
4597 2375
4599 2376
4602 2377
4603 2378
4604 2379
4608 2380
4612 2381
4613 2382
4614 2383
4616 2384
4617 2385
4618 2386
4622 2387
4623 2388
4624 2389
4625 2390
4628 2391
4629 2392
4630 2393
4632 2394
4633 2395
4636 2396
4638 2397
4639 2398
4641 2399
4642 2400
4646 2401
4648 2402
4649 2403
4651 2404
4652 2405
4654 2406
4657 2407
4660 2408
4664 2409
4665 2410
4667 2411
4668 2412
4669 2413
4672 2414
4674 2415
4676 2416
4677 2417
4678 2418
4679 2419
4683 2420
4684 2421
4686 2422
4689 2423
4690 2424
4691 2425
4692 2426
4693 2427
4694 2428
4695 2429
4696 2430
4698 2431
4701 2432
4702 2433
4703 2434
4707 2435
4709 2436
4710 2437
4712 2438
4713 2439
4714 2440
4716 2441
4717 2442
4719 2443
4720 2444
4721 2445
4722 2446
4723 2447
4724 2448
4727 2449
4730 2450
4731 2451
4740 2452
4741 2453
4743 2454
4744 2455
4746 2456
4749 2457
4751 2458
4752 2459
4753 2460
4755 2461
4756 2462
4757 2463
4758 2464
4759 2465
4760 2466
4761 2467
4762 2468
4763 2469
4764 2470
4766 2471
4767 2472
4768 2473
4769 2474
4770 2475
4775 2476
4776 2477
4777 2478
4778 2479
4781 2480
4783 2481
4787 2482
4792 2483
4797 2484
4799 2485
4803 2486
4804 2487
4805 2488
4807 2489
4811 2490
4817 2491
4818 2492
4820 2493
4822 2494
4825 2495
4827 2496
4833 2497
4835 2498
4836 2499
4838 2500
4839 2501
4840 2502
4841 2503
4842 2504
4844 2505
4846 2506
4847 2507
4848 2508
4850 2509
4851 2510
4853 2511
4856 2512
4857 2513
4859 2514
4860 2515
4862 2516
4863 2517
4864 2518
4866 2519
4871 2520
4872 2521
4873 2522
4874 2523
4876 2524
4877 2525
4878 2526
4880 2527
4881 2528
4883 2529
4885 2530
4891 2531
4893 2532
4894 2533
4895 2534
4896 2535
4900 2536
4903 2537
4910 2538
4911 2539
4912 2540
4913 2541
4914 2542
4919 2543
4920 2544
4923 2545
4924 2546
4925 2547
4926 2548
4929 2549
4930 2550
4931 2551
4935 2552
4936 2553
4938 2554
4941 2555
4943 2556
4944 2557
4949 2558
4955 2559
4960 2560
4966 2561
4968 2562
4969 2563
4970 2564
4971 2565
4974 2566
4976 2567
4978 2568
4982 2569
4986 2570
4987 2571
4988 2572
4989 2573
4990 2574
4991 2575
4992 2576
4993 2577
4996 2578
4997 2579
4998 2580
4999 2581
5003 2582
5004 2583
5006 2584
5007 2585
5009 2586
5010 2587
5012 2588
5013 2589
5016 2590
5017 2591
5022 2592
5024 2593
5027 2594
5028 2595
5030 2596
5031 2597
5033 2598
5036 2599
5043 2600
5045 2601
5048 2602
5050 2603
5051 2604
5052 2605
5055 2606
5057 2607
5058 2608
5060 2609
5062 2610
5064 2611
5066 2612
5067 2613
5068 2614
5069 2615
5071 2616
5072 2617
5073 2618
5075 2619
5078 2620
5079 2621
5080 2622
5088 2623
5089 2624
5092 2625
5093 2626
5094 2627
5095 2628
5101 2629
5104 2630
5105 2631
5106 2632
5110 2633
5115 2634
5116 2635
5117 2636
5119 2637
5122 2638
5125 2639
5127 2640
5128 2641
5130 2642
5132 2643
5133 2644
5134 2645
5135 2646
5141 2647
5144 2648
5145 2649
5146 2650
5147 2651
5149 2652
5150 2653
5152 2654
5154 2655
5155 2656
5157 2657
5159 2658
5160 2659
5162 2660
5164 2661
5165 2662
5168 2663
5170 2664
5171 2665
5174 2666
5175 2667
5176 2668
5179 2669
5181 2670
5186 2671
5188 2672
5189 2673
5190 2674
5191 2675
5192 2676
5194 2677
5195 2678
5196 2679
5199 2680
5200 2681
5202 2682
5203 2683
5204 2684
5206 2685
5207 2686
5210 2687
5212 2688
5213 2689
5214 2690
5215 2691
5216 2692
5218 2693
5221 2694
5224 2695
5226 2696
5228 2697
5229 2698
5231 2699
5235 2700
5237 2701
5238 2702
5240 2703
5241 2704
5243 2705
5244 2706
5245 2707
5247 2708
5252 2709
5254 2710
5257 2711
5258 2712
5259 2713
5262 2714
5266 2715
5267 2716
5274 2717
5275 2718
5276 2719
5279 2720
5280 2721
5284 2722
5285 2723
5288 2724
5290 2725
5291 2726
5292 2727
5293 2728
5295 2729
5296 2730
5297 2731
5298 2732
5299 2733
5303 2734
5304 2735
5307 2736
5308 2737
5309 2738
5310 2739
5311 2740
5313 2741
5314 2742
5315 2743
5316 2744
5318 2745
5320 2746
5325 2747
5328 2748
5330 2749
5331 2750
5332 2751
5334 2752
5336 2753
5343 2754
5346 2755
5348 2756
5351 2757
5354 2758
5356 2759
5357 2760
5358 2761
5360 2762
5362 2763
5363 2764
5368 2765
5370 2766
5372 2767
5373 2768
5374 2769
5375 2770
5377 2771
5379 2772
5380 2773
5381 2774
5382 2775
5383 2776
5384 2777
5385 2778
5388 2779
5391 2780
5392 2781
5396 2782
5398 2783
5399 2784
5400 2785
5402 2786
5407 2787
5409 2788
5410 2789
5411 2790
5414 2791
5415 2792
5416 2793
5417 2794
5419 2795
5421 2796
5423 2797
5425 2798
5427 2799
5431 2800
5435 2801
5436 2802
5438 2803
5439 2804
5440 2805
5442 2806
5444 2807
5451 2808
5454 2809
5456 2810
5460 2811
5461 2812
5462 2813
5465 2814
5467 2815
5471 2816
5474 2817
5476 2818
5477 2819
5478 2820
5481 2821
5484 2822
5486 2823
5487 2824
5489 2825
5494 2826
5495 2827
5496 2828
5498 2829
5499 2830
5500 2831
5503 2832
5505 2833
5506 2834
5507 2835
5508 2836
5510 2837
5513 2838
5514 2839
5515 2840
5521 2841
5525 2842
5527 2843
5528 2844
5529 2845
5533 2846
5534 2847
5537 2848
5540 2849
5541 2850
5542 2851
5544 2852
5546 2853
5549 2854
5551 2855
5552 2856
5559 2857
5560 2858
5562 2859
5563 2860
5564 2861
5572 2862
5577 2863
5578 2864
5579 2865
5581 2866
5584 2867
5586 2868
5587 2869
5588 2870
5589 2871
5590 2872
5591 2873
5601 2874
5602 2875
5606 2876
5608 2877
5609 2878
5610 2879
5611 2880
5612 2881
5613 2882
5617 2883
5618 2884
5619 2885
5622 2886
5628 2887
5631 2888
5632 2889
5633 2890
5635 2891
5637 2892
5639 2893
5640 2894
5642 2895
5644 2896
5651 2897
5656 2898
5660 2899
5662 2900
5665 2901
5666 2902
5668 2903
5669 2904
5670 2905
5672 2906
5673 2907
5674 2908
5681 2909
5685 2910
5687 2911
5690 2912
5692 2913
5693 2914
5694 2915
5695 2916
5696 2917
5697 2918
5700 2919
5703 2920
5704 2921
5710 2922
5711 2923
5712 2924
5713 2925
5714 2926
5715 2927
5719 2928
5721 2929
5724 2930
5725 2931
5727 2932
5729 2933
5730 2934
5731 2935
5732 2936
5735 2937
5737 2938
5739 2939
5740 2940
5741 2941
5742 2942
5743 2943
5745 2944
5746 2945
5748 2946
5751 2947
5753 2948
5756 2949
5760 2950
5764 2951
5766 2952
5768 2953
5772 2954
5773 2955
5774 2956
5778 2957
5781 2958
5783 2959
5784 2960
5789 2961
5790 2962
5793 2963
5796 2964
5799 2965
5800 2966
5802 2967
5803 2968
5804 2969
5807 2970
5808 2971
5810 2972
5813 2973
5814 2974
5815 2975
5816 2976
5817 2977
5818 2978
5819 2979
5820 2980
5821 2981
5822 2982
5828 2983
5829 2984
5830 2985
5832 2986
5833 2987
5834 2988
5835 2989
5836 2990
5839 2991
5842 2992
5844 2993
5846 2994
5849 2995
5850 2996
5855 2997
5856 2998
5859 2999
5860 3000
5863 3001
5864 3002
5866 3003
5867 3004
5868 3005
5869 3006
5870 3007
5873 3008
5876 3009
5877 3010
5879 3011
5882 3012
5883 3013
5884 3014
5887 3015
5891 3016
5895 3017
5897 3018
5898 3019
5899 3020
5901 3021
5902 3022
5903 3023
5904 3024
5907 3025
5909 3026
5913 3027
5914 3028
5918 3029
5919 3030
5921 3031
5923 3032
5926 3033
5928 3034
5930 3035
5931 3036
5932 3037
5933 3038
5934 3039
5935 3040
5936 3041
5940 3042
5941 3043
5943 3044
5944 3045
5945 3046
5946 3047
5951 3048
5953 3049
5959 3050
5962 3051
5965 3052
5966 3053
5967 3054
5968 3055
5969 3056
5970 3057
5973 3058
5975 3059
5977 3060
5979 3061
5983 3062
5984 3063
5985 3064
5987 3065
5988 3066
5989 3067
5991 3068
5992 3069
5993 3070
5994 3071
5997 3072
5999 3073
6004 3074
6005 3075
6008 3076
6009 3077
6012 3078
6015 3079
6017 3080
6019 3081
6020 3082
6022 3083
6024 3084
6026 3085
6027 3086
6028 3087
6029 3088
6031 3089
6033 3090
6034 3091
6038 3092
