org_id remap_id
1 0
2 1
3 2
4 3
5 4
6 5
7 6
8 7
9 8
10 9
11 10
12 11
13 12
14 13
15 14
16 15
17 16
18 17
19 18
20 19
21 20
22 21
23 22
24 23
25 24
26 25
27 26
28 27
29 28
30 29
31 30
32 31
33 32
34 33
35 34
36 35
37 36
38 37
39 38
40 39
41 40
42 41
43 42
44 43
45 44
46 45
47 46
48 47
49 48
50 49
51 50
52 51
53 52
54 53
55 54
56 55
57 56
58 57
59 58
60 59
61 60
62 61
63 62
64 63
65 64
66 65
67 66
68 67
69 68
70 69
71 70
72 71
73 72
74 73
75 74
76 75
77 76
78 77
79 78
80 79
81 80
82 81
83 82
84 83
85 84
86 85
87 86
88 87
89 88
90 89
91 90
92 91
93 92
94 93
95 94
96 95
97 96
99 97
100 98
101 99
102 100
103 101
104 102
105 103
106 104
107 105
108 106
109 107
110 108
111 109
112 110
113 111
114 112
115 113
116 114
117 115
118 116
119 117
120 118
121 119
122 120
123 121
124 122
125 123
126 124
127 125
128 126
129 127
130 128
131 129
132 130
133 131
134 132
135 133
136 134
137 135
138 136
139 137
140 138
141 139
142 140
143 141
144 142
145 143
146 144
147 145
148 146
149 147
150 148
151 149
152 150
153 151
154 152
155 153
156 154
157 155
158 156
159 157
161 158
162 159
163 160
164 161
165 162
166 163
167 164
168 165
169 166
170 167
171 168
172 169
173 170
174 171
175 172
176 173
177 174
178 175
179 176
180 177
181 178
182 179
183 180
184 181
185 182
186 183
187 184
188 185
189 186
190 187
191 188
192 189
193 190
194 191
195 192
196 193
197 194
198 195
199 196
200 197
201 198
202 199
203 200
204 201
205 202
206 203
207 204
208 205
209 206
210 207
211 208
212 209
213 210
214 211
215 212
216 213
218 214
219 215
220 216
221 217
222 218
223 219
224 220
225 221
226 222
227 223
228 224
229 225
230 226
231 227
232 228
233 229
234 230
235 231
236 232
237 233
238 234
239 235
240 236
241 237
242 238
243 239
244 240
245 241
246 242
247 243
248 244
249 245
251 246
252 247
253 248
254 249
255 250
256 251
257 252
258 253
259 254
260 255
261 256
262 257
263 258
264 259
265 260
266 261
267 262
268 263
269 264
270 265
271 266
272 267
273 268
274 269
275 270
276 271
277 272
278 273
279 274
280 275
281 276
282 277
283 278
284 279
285 280
286 281
287 282
288 283
289 284
290 285
291 286
292 287
293 288
294 289
295 290
296 291
297 292
298 293
299 294
300 295
301 296
302 297
303 298
304 299
305 300
306 301
307 302
308 303
309 304
310 305
312 306
313 307
314 308
315 309
316 310
317 311
318 312
319 313
320 314
321 315
322 316
323 317
324 318
325 319
326 320
327 321
328 322
329 323
330 324
331 325
332 326
333 327
334 328
335 329
336 330
337 331
338 332
339 333
340 334
342 335
343 336
344 337
345 338
346 339
347 340
348 341
349 342
350 343
351 344
352 345
353 346
354 347
355 348
356 349
357 350
358 351
359 352
360 353
361 354
362 355
363 356
364 357
365 358
366 359
367 360
368 361
369 362
370 363
371 364
372 365
373 366
374 367
375 368
376 369
377 370
378 371
379 372
380 373
381 374
382 375
383 376
384 377
385 378
386 379
387 380
388 381
389 382
390 383
391 384
392 385
393 386
394 387
395 388
396 389
397 390
398 391
399 392
400 393
401 394
402 395
403 396
404 397
405 398
406 399
407 400
408 401
409 402
410 403
411 404
412 405
413 406
414 407
415 408
416 409
417 410
418 411
419 412
420 413
422 414
423 415
424 416
425 417
426 418
427 419
428 420
429 421
430 422
431 423
432 424
433 425
434 426
435 427
436 428
437 429
438 430
439 431
440 432
441 433
442 434
443 435
444 436
445 437
446 438
447 439
448 440
449 441
450 442
451 443
452 444
453 445
454 446
455 447
456 448
457 449
458 450
459 451
460 452
461 453
462 454
463 455
464 456
465 457
466 458
467 459
468 460
469 461
470 462
471 463
472 464
473 465
474 466
475 467
476 468
477 469
478 470
479 471
480 472
481 473
482 474
483 475
484 476
485 477
486 478
487 479
488 480
489 481
490 482
491 483
492 484
493 485
494 486
495 487
496 488
497 489
498 490
499 491
500 492
501 493
502 494
503 495
504 496
505 497
506 498
507 499
508 500
509 501
510 502
511 503
512 504
513 505
514 506
515 507
516 508
517 509
518 510
519 511
520 512
521 513
522 514
523 515
524 516
525 517
526 518
527 519
528 520
529 521
530 522
531 523
532 524
533 525
534 526
535 527
536 528
537 529
538 530
539 531
540 532
541 533
542 534
543 535
544 536
545 537
546 538
547 539
548 540
549 541
550 542
551 543
552 544
553 545
554 546
555 547
556 548
557 549
558 550
559 551
560 552
561 553
562 554
563 555
564 556
565 557
566 558
567 559
568 560
569 561
570 562
571 563
573 564
574 565
575 566
576 567
577 568
578 569
579 570
580 571
581 572
582 573
583 574
584 575
585 576
586 577
587 578
588 579
589 580
590 581
591 582
592 583
593 584
594 585
595 586
596 587
597 588
598 589
599 590
600 591
601 592
602 593
603 594
604 595
605 596
606 597
607 598
608 599
609 600
610 601
611 602
612 603
613 604
614 605
615 606
616 607
617 608
618 609
619 610
620 611
621 612
622 613
623 614
624 615
625 616
626 617
627 618
628 619
629 620
630 621
631 622
632 623
633 624
634 625
635 626
636 627
637 628
638 629
639 630
640 631
641 632
642 633
643 634
644 635
645 636
646 637
647 638
648 639
649 640
650 641
651 642
652 643
653 644
654 645
655 646
656 647
657 648
658 649
659 650
660 651
661 652
662 653
663 654
664 655
666 656
667 657
668 658
669 659
670 660
671 661
672 662
673 663
674 664
675 665
676 666
677 667
678 668
679 669
680 670
681 671
682 672
683 673
684 674
685 675
686 676
687 677
688 678
689 679
690 680
691 681
692 682
693 683
694 684
695 685
696 686
697 687
698 688
699 689
700 690
701 691
702 692
704 693
705 694
706 695
707 696
709 697
710 698
711 699
712 700
713 701
714 702
715 703
716 704
717 705
718 706
719 707
720 708
721 709
722 710
723 711
724 712
725 713
726 714
727 715
728 716
729 717
730 718
731 719
732 720
733 721
734 722
735 723
736 724
737 725
738 726
739 727
740 728
741 729
742 730
743 731
744 732
745 733
746 734
747 735
748 736
749 737
750 738
751 739
752 740
753 741
754 742
755 743
756 744
757 745
758 746
759 747
760 748
762 749
763 750
764 751
765 752
766 753
767 754
768 755
769 756
770 757
771 758
772 759
773 760
774 761
775 762
776 763
777 764
778 765
779 766
780 767
781 768
782 769
783 770
784 771
785 772
786 773
787 774
788 775
789 776
790 777
791 778
792 779
793 780
794 781
795 782
796 783
797 784
798 785
799 786
800 787
801 788
802 789
803 790
804 791
805 792
806 793
807 794
808 795
809 796
810 797
811 798
812 799
813 800
814 801
815 802
816 803
817 804
818 805
819 806
820 807
821 808
822 809
823 810
824 811
825 812
826 813
827 814
828 815
829 816
830 817
831 818
832 819
833 820
834 821
835 822
836 823
837 824
838 825
839 826
840 827
841 828
842 829
843 830
844 831
845 832
846 833
847 834
848 835
849 836
850 837
851 838
852 839
853 840
854 841
855 842
856 843
857 844
858 845
859 846
860 847
861 848
862 849
863 850
864 851
865 852
866 853
867 854
868 855
869 856
870 857
871 858
872 859
873 860
874 861
875 862
876 863
877 864
878 865
879 866
880 867
881 868
882 869
883 870
884 871
885 872
886 873
887 874
888 875
889 876
890 877
891 878
892 879
893 880
894 881
895 882
896 883
897 884
898 885
899 886
900 887
901 888
902 889
903 890
904 891
905 892
906 893
907 894
908 895
909 896
910 897
911 898
912 899
913 900
914 901
915 902
916 903
917 904
918 905
919 906
920 907
921 908
922 909
923 910
924 911
925 912
926 913
927 914
928 915
929 916
930 917
931 918
933 919
934 920
935 921
936 922
937 923
938 924
939 925
940 926
941 927
942 928
943 929
944 930
945 931
946 932
948 933
949 934
950 935
951 936
952 937
953 938
954 939
955 940
956 941
957 942
958 943
959 944
960 945
961 946
962 947
963 948
964 949
965 950
966 951
967 952
968 953
969 954
970 955
971 956
972 957
973 958
974 959
975 960
976 961
977 962
978 963
979 964
980 965
981 966
982 967
983 968
984 969
985 970
986 971
987 972
988 973
989 974
990 975
991 976
992 977
993 978
994 979
995 980
996 981
997 982
998 983
999 984
1000 985
1001 986
1002 987
1003 988
1004 989
1005 990
1006 991
1007 992
1008 993
1009 994
1010 995
1011 996
1012 997
1013 998
1014 999
1015 1000
1016 1001
1017 1002
1018 1003
1019 1004
1020 1005
1021 1006
1022 1007
1023 1008
1024 1009
1025 1010
1026 1011
1027 1012
1028 1013
1029 1014
1030 1015
1031 1016
1032 1017
1033 1018
1034 1019
1035 1020
1036 1021
1037 1022
1038 1023
1039 1024
1040 1025
1041 1026
1042 1027
1043 1028
1044 1029
1045 1030
1046 1031
1047 1032
1048 1033
1049 1034
1050 1035
1051 1036
1052 1037
1053 1038
1054 1039
1055 1040
1056 1041
1057 1042
1058 1043
1059 1044
1060 1045
1061 1046
1062 1047
1063 1048
1064 1049
1065 1050
1066 1051
1067 1052
1068 1053
1069 1054
1070 1055
1071 1056
1072 1057
1073 1058
1074 1059
1075 1060
1076 1061
1077 1062
1078 1063
1079 1064
1080 1065
1081 1066
1082 1067
1083 1068
1084 1069
1085 1070
1086 1071
1087 1072
1088 1073
1089 1074
1090 1075
1091 1076
1092 1077
1093 1078
1094 1079
1095 1080
1096 1081
1097 1082
1098 1083
1099 1084
1100 1085
1101 1086
1102 1087
1103 1088
1104 1089
1105 1090
1106 1091
1107 1092
1108 1093
1109 1094
1110 1095
1111 1096
1112 1097
1113 1098
1114 1099
1115 1100
1116 1101
1117 1102
1118 1103
1119 1104
1120 1105
1121 1106
1122 1107
1123 1108
1124 1109
1125 1110
1126 1111
1127 1112
1128 1113
1129 1114
1130 1115
1131 1116
1132 1117
1133 1118
1134 1119
1135 1120
1136 1121
1137 1122
1138 1123
1139 1124
1140 1125
1141 1126
1142 1127
1143 1128
1144 1129
1145 1130
1146 1131
1147 1132
1148 1133
1149 1134
1150 1135
1151 1136
1152 1137
1153 1138
1154 1139
1155 1140
1156 1141
1157 1142
1158 1143
1159 1144
1160 1145
1161 1146
1162 1147
1163 1148
1164 1149
1165 1150
1166 1151
1167 1152
1168 1153
1169 1154
1170 1155
1171 1156
1172 1157
1173 1158
1174 1159
1175 1160
1176 1161
1177 1162
1178 1163
1179 1164
1180 1165
1181 1166
1182 1167
1183 1168
1184 1169
1185 1170
1186 1171
1187 1172
1188 1173
1189 1174
1190 1175
1191 1176
1192 1177
1193 1178
1194 1179
1195 1180
1196 1181
1197 1182
1198 1183
1199 1184
1200 1185
1201 1186
1202 1187
1203 1188
1204 1189
1205 1190
1206 1191
1207 1192
1208 1193
1209 1194
1210 1195
1211 1196
1212 1197
1213 1198
1214 1199
1215 1200
1216 1201
1217 1202
1218 1203
1219 1204
1220 1205
1221 1206
1222 1207
1223 1208
1224 1209
1225 1210
1226 1211
1227 1212
1228 1213
1229 1214
1230 1215
1231 1216
1232 1217
1233 1218
1234 1219
1235 1220
1236 1221
1237 1222
1238 1223
1239 1224
1240 1225
1241 1226
1242 1227
1243 1228
1244 1229
1245 1230
1246 1231
1247 1232
1248 1233
1249 1234
1250 1235
1251 1236
1252 1237
1253 1238
1254 1239
1255 1240
1256 1241
1257 1242
1258 1243
1259 1244
1260 1245
1261 1246
1262 1247
1263 1248
1264 1249
1265 1250
1266 1251
1267 1252
1268 1253
1269 1254
1270 1255
1271 1256
1272 1257
1273 1258
1274 1259
1275 1260
1276 1261
1277 1262
1278 1263
1279 1264
1280 1265
1281 1266
1282 1267
1283 1268
1284 1269
1285 1270
1286 1271
1287 1272
1288 1273
1289 1274
1290 1275
1291 1276
1292 1277
1293 1278
1294 1279
1295 1280
1296 1281
1297 1282
1298 1283
1299 1284
1300 1285
1301 1286
1302 1287
1303 1288
1304 1289
1305 1290
1306 1291
1307 1292
1308 1293
1309 1294
1310 1295
1311 1296
1312 1297
1313 1298
1314 1299
1315 1300
1316 1301
1317 1302
1318 1303
1319 1304
1320 1305
1321 1306
1322 1307
1323 1308
1324 1309
1325 1310
1326 1311
1327 1312
1328 1313
1329 1314
1330 1315
1331 1316
1332 1317
1333 1318
1334 1319
1335 1320
1336 1321
1337 1322
1338 1323
1339 1324
1340 1325
1341 1326
1342 1327
1343 1328
1344 1329
1345 1330
1346 1331
1347 1332
1348 1333
1349 1334
1350 1335
1352 1336
1353 1337
1354 1338
1355 1339
1356 1340
1357 1341
1358 1342
1359 1343
1360 1344
1361 1345
1362 1346
1363 1347
1364 1348
1365 1349
1366 1350
1367 1351
1368 1352
1369 1353
1370 1354
1371 1355
1372 1356
1373 1357
1374 1358
1375 1359
1376 1360
1377 1361
1378 1362
1379 1363
1380 1364
1381 1365
1382 1366
1383 1367
1384 1368
1385 1369
1386 1370
1387 1371
1388 1372
1389 1373
1390 1374
1391 1375
1392 1376
1393 1377
1394 1378
1395 1379
1396 1380
1397 1381
1398 1382
1399 1383
1400 1384
1401 1385
1402 1386
1403 1387
1404 1388
1405 1389
1407 1390
1408 1391
1409 1392
1410 1393
1411 1394
1412 1395
1413 1396
1414 1397
1415 1398
1416 1399
1417 1400
1418 1401
1419 1402
1420 1403
1421 1404
1422 1405
1423 1406
1424 1407
1425 1408
1426 1409
1427 1410
1428 1411
1429 1412
1430 1413
1431 1414
1432 1415
1433 1416
1434 1417
1435 1418
1436 1419
1437 1420
1438 1421
1439 1422
1440 1423
1441 1424
1442 1425
1443 1426
1444 1427
1445 1428
1446 1429
1447 1430
1448 1431
1449 1432
1450 1433
1451 1434
1453 1435
1454 1436
1455 1437
1456 1438
1457 1439
1458 1440
1459 1441
1460 1442
1461 1443
1462 1444
1463 1445
1464 1446
1465 1447
1466 1448
1467 1449
1468 1450
1469 1451
1470 1452
1471 1453
1472 1454
1473 1455
1474 1456
1475 1457
1476 1458
1477 1459
1478 1460
1479 1461
1480 1462
1481 1463
1482 1464
1483 1465
1484 1466
1485 1467
1486 1468
1487 1469
1488 1470
1489 1471
1490 1472
1491 1473
1492 1474
1494 1475
1495 1476
1496 1477
1497 1478
1498 1479
1499 1480
1500 1481
1501 1482
1502 1483
1503 1484
1504 1485
1505 1486
1506 1487
1507 1488
1508 1489
1509 1490
1510 1491
1511 1492
1512 1493
1513 1494
1514 1495
1515 1496
1516 1497
1517 1498
1518 1499
1519 1500
1520 1501
1521 1502
1522 1503
1523 1504
1524 1505
1525 1506
1526 1507
1527 1508
1528 1509
1529 1510
1530 1511
1531 1512
1532 1513
1533 1514
1534 1515
1535 1516
1536 1517
1537 1518
1538 1519
1539 1520
1540 1521
1541 1522
1542 1523
1543 1524
1544 1525
1545 1526
1546 1527
1547 1528
1548 1529
1549 1530
1550 1531
1551 1532
1552 1533
1553 1534
1554 1535
1555 1536
1556 1537
1557 1538
1558 1539
1559 1540
1560 1541
1561 1542
1562 1543
1563 1544
1564 1545
1565 1546
1566 1547
1567 1548
1568 1549
1569 1550
1570 1551
1571 1552
1572 1553
1573 1554
1574 1555
1575 1556
1576 1557
1577 1558
1578 1559
1579 1560
1580 1561
1581 1562
1582 1563
1583 1564
1584 1565
1585 1566
1586 1567
1587 1568
1588 1569
1589 1570
1590 1571
1591 1572
1592 1573
1593 1574
1594 1575
1595 1576
1596 1577
1597 1578
1598 1579
1599 1580
1600 1581
1601 1582
1602 1583
1603 1584
1604 1585
1605 1586
1606 1587
1607 1588
1608 1589
1609 1590
1610 1591
1611 1592
1612 1593
1613 1594
1614 1595
1615 1596
1616 1597
1617 1598
1618 1599
1619 1600
1620 1601
1621 1602
1622 1603
1623 1604
1624 1605
1625 1606
1626 1607
1627 1608
1628 1609
1629 1610
1630 1611
1631 1612
1632 1613
1633 1614
1634 1615
1635 1616
1636 1617
1637 1618
1638 1619
1639 1620
1640 1621
1641 1622
1642 1623
1643 1624
1644 1625
1645 1626
1646 1627
1647 1628
1648 1629
1649 1630
1650 1631
1651 1632
1652 1633
1653 1634
1654 1635
1655 1636
1656 1637
1657 1638
1658 1639
1659 1640
1660 1641
1661 1642
1662 1643
1663 1644
1665 1645
1666 1646
1667 1647
1668 1648
1669 1649
1670 1650
1671 1651
1672 1652
1673 1653
1674 1654
1675 1655
1676 1656
1677 1657
1678 1658
1679 1659
1680 1660
1681 1661
1682 1662
1683 1663
1684 1664
1685 1665
1686 1666
1687 1667
1688 1668
1689 1669
1690 1670
1691 1671
1692 1672
1693 1673
1694 1674
1695 1675
1696 1676
1697 1677
1698 1678
1699 1679
1700 1680
1701 1681
1702 1682
1703 1683
1704 1684
1705 1685
1706 1686
1707 1687
1708 1688
1709 1689
1710 1690
1711 1691
1712 1692
1713 1693
1714 1694
1715 1695
1716 1696
1717 1697
1718 1698
1719 1699
1720 1700
1721 1701
1722 1702
1723 1703
1724 1704
1725 1705
1726 1706
1727 1707
1728 1708
1729 1709
1730 1710
1731 1711
1732 1712
1733 1713
1734 1714
1735 1715
1736 1716
1737 1717
1738 1718
1739 1719
1740 1720
1741 1721
1742 1722
1743 1723
1744 1724
1745 1725
1746 1726
1747 1727
1748 1728
1749 1729
1750 1730
1751 1731
1752 1732
1753 1733
1754 1734
1755 1735
1756 1736
1757 1737
1758 1738
1759 1739
1760 1740
1761 1741
1762 1742
1763 1743
1764 1744
1765 1745
1766 1746
1767 1747
1768 1748
1769 1749
1770 1750
1771 1751
1772 1752
1773 1753
1774 1754
1775 1755
1776 1756
1777 1757
1778 1758
1779 1759
1780 1760
1781 1761
1782 1762
1783 1763
1784 1764
1785 1765
1786 1766
1787 1767
1788 1768
1789 1769
1790 1770
1791 1771
1792 1772
1793 1773
1794 1774
1795 1775
1796 1776
1797 1777
1798 1778
1799 1779
1800 1780
1801 1781
1802 1782
1803 1783
1804 1784
1805 1785
1806 1786
1807 1787
1808 1788
1809 1789
1810 1790
1811 1791
1812 1792
1813 1793
1814 1794
1815 1795
1816 1796
1817 1797
1818 1798
1819 1799
1820 1800
1821 1801
1822 1802
1823 1803
1824 1804
1825 1805
1826 1806
1827 1807
1828 1808
1829 1809
1830 1810
1831 1811
1832 1812
1833 1813
1834 1814
1835 1815
1836 1816
1837 1817
1838 1818
1839 1819
1840 1820
1841 1821
1842 1822
1843 1823
1845 1824
1846 1825
1847 1826
1848 1827
1849 1828
1850 1829
1851 1830
1852 1831
1853 1832
1854 1833
1855 1834
1856 1835
1857 1836
1858 1837
1859 1838
1860 1839
1861 1840
1862 1841
1863 1842
1864 1843
1865 1844
1866 1845
1867 1846
1868 1847
1869 1848
1870 1849
1871 1850
1872 1851
1873 1852
1874 1853
1875 1854
1876 1855
1877 1856
1878 1857
1879 1858
1880 1859
1881 1860
1882 1861
1883 1862
1884 1863
1885 1864
1886 1865
1887 1866
1888 1867
1889 1868
1890 1869
1891 1870
1892 1871
1893 1872
1894 1873
1895 1874
1896 1875
1897 1876
1898 1877
1899 1878
1900 1879
1901 1880
1902 1881
1903 1882
1904 1883
1905 1884
1906 1885
1907 1886
1908 1887
1909 1888
1910 1889
1911 1890
1912 1891
1913 1892
1914 1893
1915 1894
1916 1895
1917 1896
1918 1897
1919 1898
1920 1899
1921 1900
1922 1901
1923 1902
1924 1903
1925 1904
1926 1905
1927 1906
1928 1907
1929 1908
1930 1909
1931 1910
1932 1911
1933 1912
1934 1913
1935 1914
1936 1915
1937 1916
1938 1917
1939 1918
1940 1919
1941 1920
1942 1921
1943 1922
1944 1923
1945 1924
1946 1925
1947 1926
1948 1927
1949 1928
1950 1929
1951 1930
1952 1931
1953 1932
1954 1933
1955 1934
1956 1935
1957 1936
1958 1937
1959 1938
1960 1939
1961 1940
1962 1941
1963 1942
1964 1943
1965 1944
1966 1945
1967 1946
1968 1947
1969 1948
1970 1949
1971 1950
1972 1951
1973 1952
1974 1953
1975 1954
1976 1955
1977 1956
1978 1957
1979 1958
1980 1959
1981 1960
1982 1961
1983 1962
1984 1963
1985 1964
1986 1965
1987 1966
1988 1967
1989 1968
1990 1969
1991 1970
1992 1971
1994 1972
1995 1973
1996 1974
1997 1975
1998 1976
1999 1977
2000 1978
2001 1979
2002 1980
2003 1981
2004 1982
2005 1983
2006 1984
2007 1985
2008 1986
2009 1987
2010 1988
2011 1989
2012 1990
2013 1991
2014 1992
2015 1993
2016 1994
2017 1995
2018 1996
2019 1997
2020 1998
2021 1999
2022 2000
2023 2001
2024 2002
2025 2003
2026 2004
2027 2005
2028 2006
2029 2007
2030 2008
2031 2009
2032 2010
2033 2011
2034 2012
2035 2013
2036 2014
2038 2015
2039 2016
2040 2017
2041 2018
2042 2019
2043 2020
2044 2021
2045 2022
2046 2023
2047 2024
2048 2025
2049 2026
2050 2027
2051 2028
2052 2029
2053 2030
2054 2031
2055 2032
2056 2033
2057 2034
2058 2035
2059 2036
2060 2037
2062 2038
2063 2039
2064 2040
2065 2041
2066 2042
2067 2043
2068 2044
2069 2045
2070 2046
2071 2047
2072 2048
2073 2049
2074 2050
2075 2051
2076 2052
2077 2053
2078 2054
2079 2055
2080 2056
2081 2057
2082 2058
2083 2059
2084 2060
2085 2061
2086 2062
2087 2063
2088 2064
2089 2065
2090 2066
2091 2067
2092 2068
2093 2069
2094 2070
2095 2071
2096 2072
2097 2073
2098 2074
2099 2075
2100 2076
2101 2077
2102 2078
2103 2079
2104 2080
2105 2081
2106 2082
2107 2083
2108 2084
2109 2085
2110 2086
2112 2087
2113 2088
2114 2089
2115 2090
2116 2091
2117 2092
2118 2093
2119 2094
2120 2095
2121 2096
2122 2097
2123 2098
2124 2099
2125 2100
2126 2101
2127 2102
2129 2103
2130 2104
2131 2105
2132 2106
2134 2107
2135 2108
2136 2109
2137 2110
2138 2111
2139 2112
2140 2113
2141 2114
2142 2115
2143 2116
2144 2117
2145 2118
2146 2119
2147 2120
2148 2121
2149 2122
2150 2123
2151 2124
2152 2125
2153 2126
2154 2127
2155 2128
2156 2129
2157 2130
2158 2131
2159 2132
2161 2133
2162 2134
2163 2135
2164 2136
2165 2137
2166 2138
2167 2139
2168 2140
2169 2141
2170 2142
2171 2143
2172 2144
2173 2145
2174 2146
2175 2147
2176 2148
2177 2149
2178 2150
2179 2151
2180 2152
2181 2153
2182 2154
2183 2155
2184 2156
2185 2157
2186 2158
2187 2159
2188 2160
2189 2161
2190 2162
2191 2163
2192 2164
2193 2165
2194 2166
2195 2167
2196 2168
2197 2169
2198 2170
2199 2171
2200 2172
2201 2173
2202 2174
2203 2175
2204 2176
2205 2177
2206 2178
2207 2179
2208 2180
2209 2181
2210 2182
2211 2183
2212 2184
2213 2185
2214 2186
2215 2187
2216 2188
2217 2189
2218 2190
2219 2191
2220 2192
2221 2193
2222 2194
2223 2195
2224 2196
2225 2197
2226 2198
2227 2199
2228 2200
2229 2201
2230 2202
2231 2203
2232 2204
2233 2205
2234 2206
2235 2207
2236 2208
2237 2209
2238 2210
2239 2211
2240 2212
2241 2213
2242 2214
2243 2215
2244 2216
2245 2217
2246 2218
2247 2219
2248 2220
2249 2221
2250 2222
2251 2223
2252 2224
2253 2225
2254 2226
2255 2227
2256 2228
2257 2229
2258 2230
2259 2231
2260 2232
2261 2233
2262 2234
2263 2235
2264 2236
2265 2237
2266 2238
2267 2239
2268 2240
2269 2241
2270 2242
2271 2243
2272 2244
2273 2245
2274 2246
2275 2247
2276 2248
2277 2249
2278 2250
2279 2251
2280 2252
2281 2253
2282 2254
2283 2255
2284 2256
2285 2257
2286 2258
2287 2259
2288 2260
2289 2261
2290 2262
2291 2263
2293 2264
2294 2265
2295 2266
2296 2267
2297 2268
2298 2269
2299 2270
2300 2271
2301 2272
2302 2273
2303 2274
2304 2275
2305 2276
2306 2277
2307 2278
2308 2279
2309 2280
2310 2281
2311 2282
2312 2283
2313 2284
2314 2285
2315 2286
2316 2287
2317 2288
2318 2289
2319 2290
2320 2291
2321 2292
2322 2293
2323 2294
2324 2295
2325 2296
2326 2297
2327 2298
2328 2299
2329 2300
2330 2301
2331 2302
2332 2303
2333 2304
2334 2305
2335 2306
2336 2307
2337 2308
2338 2309
2339 2310
2340 2311
2341 2312
2342 2313
2343 2314
2344 2315
2345 2316
2346 2317
2347 2318
2348 2319
2349 2320
2350 2321
2351 2322
2352 2323
2353 2324
2354 2325
2355 2326
2356 2327
2357 2328
2358 2329
2359 2330
2360 2331
2361 2332
2362 2333
2363 2334
2364 2335
2365 2336
2366 2337
2367 2338
2368 2339
2369 2340
2370 2341
2371 2342
2372 2343
2373 2344
2374 2345
2375 2346
2376 2347
2377 2348
2378 2349
2379 2350
2380 2351
2382 2352
2383 2353
2384 2354
2385 2355
2386 2356
2387 2357
2388 2358
2389 2359
2390 2360
2391 2361
2392 2362
2393 2363
2394 2364
2395 2365
2396 2366
2397 2367
2398 2368
2399 2369
2400 2370
2401 2371
2402 2372
2403 2373
2404 2374
2405 2375
2406 2376
2407 2377
2408 2378
2409 2379
2410 2380
2411 2381
2412 2382
2413 2383
2414 2384
2415 2385
2416 2386
2417 2387
2418 2388
2419 2389
2420 2390
2421 2391
2422 2392
2423 2393
2424 2394
2425 2395
2426 2396
2427 2397
2428 2398
2429 2399
2430 2400
2431 2401
2432 2402
2433 2403
2434 2404
2435 2405
2436 2406
2437 2407
2438 2408
2439 2409
2440 2410
2441 2411
2442 2412
2443 2413
2444 2414
2445 2415
2446 2416
2447 2417
2448 2418
2449 2419
2450 2420
2451 2421
2452 2422
2453 2423
2454 2424
2455 2425
2456 2426
2457 2427
2458 2428
2459 2429
2460 2430
2461 2431
2462 2432
2463 2433
2464 2434
2465 2435
2466 2436
2467 2437
2468 2438
2469 2439
2470 2440
2471 2441
2472 2442
2473 2443
2474 2444
2475 2445
2476 2446
2477 2447
2478 2448
2479 2449
2480 2450
2481 2451
2482 2452
2483 2453
2484 2454
2485 2455
2486 2456
2487 2457
2489 2458
2490 2459
2491 2460
2492 2461
2493 2462
2494 2463
2495 2464
2496 2465
2497 2466
2498 2467
2499 2468
2500 2469
2501 2470
2502 2471
2503 2472
2504 2473
2505 2474
2506 2475
2507 2476
2508 2477
2509 2478
2510 2479
2511 2480
2512 2481
2513 2482
2514 2483
2515 2484
2516 2485
2517 2486
2518 2487
2519 2488
2520 2489
2521 2490
2522 2491
2523 2492
2524 2493
2525 2494
2526 2495
2527 2496
2528 2497
2529 2498
2531 2499
2532 2500
2533 2501
2534 2502
2535 2503
2536 2504
2537 2505
2538 2506
2539 2507
2540 2508
2541 2509
2542 2510
2543 2511
2544 2512
2545 2513
2546 2514
2547 2515
2548 2516
2549 2517
2550 2518
2551 2519
2552 2520
2553 2521
2554 2522
2555 2523
2556 2524
2557 2525
2558 2526
2559 2527
2560 2528
2561 2529
2562 2530
2563 2531
2564 2532
2565 2533
2566 2534
2567 2535
2568 2536
2569 2537
2570 2538
2571 2539
2572 2540
2573 2541
2574 2542
2575 2543
2576 2544
2577 2545
2578 2546
2579 2547
2580 2548
2581 2549
2582 2550
2583 2551
2585 2552
2586 2553
2587 2554
2588 2555
2589 2556
2590 2557
2591 2558
2592 2559
2593 2560
2594 2561
2595 2562
2596 2563
2597 2564
2598 2565
2599 2566
2600 2567
2601 2568
2602 2569
2603 2570
2604 2571
2605 2572
2606 2573
2607 2574
2608 2575
2609 2576
2610 2577
2611 2578
2612 2579
2613 2580
2614 2581
2615 2582
2616 2583
2617 2584
2618 2585
2619 2586
2620 2587
2621 2588
2622 2589
2623 2590
2624 2591
2625 2592
2626 2593
2627 2594
2628 2595
2629 2596
2630 2597
2631 2598
2632 2599
2633 2600
2634 2601
2635 2602
2636 2603
2637 2604
2638 2605
2639 2606
2640 2607
2641 2608
2642 2609
2643 2610
2644 2611
2645 2612
2646 2613
2647 2614
2648 2615
2649 2616
2650 2617
2651 2618
2652 2619
2653 2620
2654 2621
2655 2622
2656 2623
2657 2624
2658 2625
2659 2626
2660 2627
2661 2628
2662 2629
2663 2630
2664 2631
2665 2632
2666 2633
2667 2634
2668 2635
2669 2636
2670 2637
2671 2638
2672 2639
2674 2640
2675 2641
2676 2642
2677 2643
2678 2644
2679 2645
2680 2646
2681 2647
2682 2648
2683 2649
2684 2650
2685 2651
2686 2652
2687 2653
2688 2654
2689 2655
2690 2656
2691 2657
2692 2658
2693 2659
2694 2660
2695 2661
2697 2662
2698 2663
2699 2664
2700 2665
2701 2666
2702 2667
2703 2668
2704 2669
2705 2670
2706 2671
2707 2672
2708 2673
2709 2674
2710 2675
2711 2676
2712 2677
2713 2678
2715 2679
2716 2680
2717 2681
2718 2682
2719 2683
2720 2684
2721 2685
2722 2686
2723 2687
2724 2688
2725 2689
2726 2690
2727 2691
2728 2692
2729 2693
2730 2694
2731 2695
2732 2696
2733 2697
2734 2698
2735 2699
2736 2700
2737 2701
2738 2702
2739 2703
2740 2704
2741 2705
2742 2706
2743 2707
2744 2708
2745 2709
2746 2710
2747 2711
2748 2712
2749 2713
2750 2714
2751 2715
2752 2716
2753 2717
2754 2718
2755 2719
2756 2720
2757 2721
2758 2722
2760 2723
2761 2724
2762 2725
2763 2726
2764 2727
2765 2728
2766 2729
2767 2730
2768 2731
2769 2732
2770 2733
2771 2734
2772 2735
2773 2736
2774 2737
2775 2738
2776 2739
2777 2740
2778 2741
2779 2742
2780 2743
2781 2744
2782 2745
2783 2746
2784 2747
2785 2748
2786 2749
2787 2750
2788 2751
2789 2752
2790 2753
2791 2754
2792 2755
2793 2756
2794 2757
2795 2758
2796 2759
2797 2760
2798 2761
2799 2762
2800 2763
2801 2764
2802 2765
2803 2766
2804 2767
2805 2768
2806 2769
2807 2770
2808 2771
2809 2772
2810 2773
2811 2774
2812 2775
2813 2776
2814 2777
2815 2778
2816 2779
2817 2780
2818 2781
2820 2782
2821 2783
2822 2784
2823 2785
2824 2786
2825 2787
2826 2788
2827 2789
2828 2790
2829 2791
2830 2792
2831 2793
2832 2794
2833 2795
2834 2796
2835 2797
2836 2798
2837 2799
2838 2800
2839 2801
2840 2802
2841 2803
2842 2804
2843 2805
2844 2806
2845 2807
2846 2808
2847 2809
2848 2810
2849 2811
2850 2812
2851 2813
2852 2814
2853 2815
2854 2816
2855 2817
2856 2818
2857 2819
2858 2820
2859 2821
2860 2822
2861 2823
2862 2824
2863 2825
2864 2826
2865 2827
2866 2828
2867 2829
2868 2830
2869 2831
2870 2832
2871 2833
2872 2834
2873 2835
2874 2836
2875 2837
2876 2838
2877 2839
2878 2840
2879 2841
2880 2842
2881 2843
2882 2844
2883 2845
2885 2846
2886 2847
2887 2848
2888 2849
2889 2850
2890 2851
2891 2852
2892 2853
2893 2854
2894 2855
2895 2856
2896 2857
2897 2858
2898 2859
2899 2860
2900 2861
2901 2862
2902 2863
2903 2864
2904 2865
2905 2866
2906 2867
2907 2868
2908 2869
2909 2870
2910 2871
2911 2872
2912 2873
2913 2874
2914 2875
2915 2876
2916 2877
2917 2878
2918 2879
2919 2880
2920 2881
2921 2882
2922 2883
2923 2884
2924 2885
2925 2886
2926 2887
2927 2888
2928 2889
2929 2890
2931 2891
2932 2892
2933 2893
2934 2894
2935 2895
2936 2896
2937 2897
2938 2898
2939 2899
2940 2900
2941 2901
2942 2902
2943 2903
2944 2904
2945 2905
2946 2906
2947 2907
2948 2908
2949 2909
2950 2910
2951 2911
2952 2912
2953 2913
2954 2914
2955 2915
2956 2916
2957 2917
2958 2918
2959 2919
2960 2920
2961 2921
2962 2922
2963 2923
2964 2924
2965 2925
2966 2926
2967 2927
2968 2928
2969 2929
2970 2930
2971 2931
2972 2932
2973 2933
2974 2934
2975 2935
2976 2936
2977 2937
2978 2938
2979 2939
2980 2940
2981 2941
2982 2942
2983 2943
2984 2944
2985 2945
2986 2946
2987 2947
2988 2948
2989 2949
2990 2950
2991 2951
2992 2952
2993 2953
2994 2954
2995 2955
2996 2956
2997 2957
2998 2958
2999 2959
3000 2960
3001 2961
3002 2962
3003 2963
3004 2964
3005 2965
3006 2966
3007 2967
3008 2968
3009 2969
3010 2970
3011 2971
3012 2972
3013 2973
3014 2974
3015 2975
3016 2976
3017 2977
3018 2978
3019 2979
3020 2980
3022 2981
3023 2982
3024 2983
3025 2984
3026 2985
3027 2986
3028 2987
3029 2988
3030 2989
3031 2990
3032 2991
3033 2992
3034 2993
3035 2994
3036 2995
3037 2996
3038 2997
3039 2998
3040 2999
3041 3000
3042 3001
3043 3002
3044 3003
3045 3004
3046 3005
3047 3006
3048 3007
3049 3008
3050 3009
3051 3010
3052 3011
3053 3012
3054 3013
3055 3014
3056 3015
3057 3016
3058 3017
3059 3018
3060 3019
3061 3020
3062 3021
3063 3022
3064 3023
3065 3024
3066 3025
3067 3026
3068 3027
3069 3028
3070 3029
3071 3030
3072 3031
3073 3032
3074 3033
3075 3034
3076 3035
3077 3036
3078 3037
3079 3038
3080 3039
3081 3040
3082 3041
3083 3042
3084 3043
3085 3044
3086 3045
3087 3046
3088 3047
3089 3048
3090 3049
3091 3050
3092 3051
3093 3052
3094 3053
3095 3054
3096 3055
3097 3056
3098 3057
3099 3058
3100 3059
3101 3060
3102 3061
3103 3062
3104 3063
3105 3064
3106 3065
3107 3066
3108 3067
3109 3068
3110 3069
3111 3070
3112 3071
3113 3072
3114 3073
3115 3074
3116 3075
3117 3076
3118 3077
3119 3078
3120 3079
3121 3080
3122 3081
3123 3082
3124 3083
3125 3084
3126 3085
3127 3086
3128 3087
3129 3088
3130 3089
3131 3090
3132 3091
3133 3092
3134 3093
3135 3094
3136 3095
3137 3096
3138 3097
3139 3098
3140 3099
3141 3100
3142 3101
3143 3102
3144 3103
3145 3104
3146 3105
3147 3106
3148 3107
3149 3108
3150 3109
3151 3110
3152 3111
3153 3112
3154 3113
3155 3114
3156 3115
3157 3116
3158 3117
3159 3118
3160 3119
3161 3120
3162 3121
3163 3122
3164 3123
3165 3124
3166 3125
3167 3126
3168 3127
3169 3128
3170 3129
3171 3130
3172 3131
3173 3132
3174 3133
3175 3134
3176 3135
3177 3136
3178 3137
3179 3138
3180 3139
3181 3140
3182 3141
3183 3142
3184 3143
3185 3144
3186 3145
3187 3146
3188 3147
3189 3148
3190 3149
3191 3150
3192 3151
3193 3152
3194 3153
3195 3154
3196 3155
3197 3156
3198 3157
3199 3158
3200 3159
3201 3160
3202 3161
3203 3162
3204 3163
3205 3164
3206 3165
3207 3166
3208 3167
3209 3168
3210 3169
3211 3170
3212 3171
3213 3172
3214 3173
3215 3174
3216 3175
3217 3176
3218 3177
3219 3178
3220 3179
3221 3180
3223 3181
3224 3182
3225 3183
3226 3184
3227 3185
3228 3186
3229 3187
3230 3188
3231 3189
3232 3190
3233 3191
3234 3192
3235 3193
3236 3194
3237 3195
3238 3196
3239 3197
3240 3198
3241 3199
3242 3200
3243 3201
3244 3202
3245 3203
3246 3204
3247 3205
3248 3206
3249 3207
3250 3208
3251 3209
3252 3210
3253 3211
3254 3212
3255 3213
3256 3214
3257 3215
3258 3216
3259 3217
3260 3218
3261 3219
3262 3220
3263 3221
3264 3222
3265 3223
3266 3224
3267 3225
3268 3226
3269 3227
3270 3228
3271 3229
3272 3230
3274 3231
3275 3232
3276 3233
3277 3234
3278 3235
3279 3236
3280 3237
3281 3238
3282 3239
3283 3240
3284 3241
3285 3242
3286 3243
3287 3244
3288 3245
3289 3246
3290 3247
3292 3248
3293 3249
3294 3250
3295 3251
3296 3252
3297 3253
3298 3254
3299 3255
3300 3256
3301 3257
3302 3258
3303 3259
3304 3260
3305 3261
3306 3262
3307 3263
3308 3264
3309 3265
3310 3266
3311 3267
3312 3268
3313 3269
3314 3270
3315 3271
3316 3272
3317 3273
3318 3274
3319 3275
3320 3276
3321 3277
3322 3278
3323 3279
3324 3280
3325 3281
3326 3282
3327 3283
3328 3284
3329 3285
3330 3286
3331 3287
3332 3288
3333 3289
3334 3290
3335 3291
3336 3292
3337 3293
3338 3294
3339 3295
3340 3296
3341 3297
3342 3298
3343 3299
3344 3300
3345 3301
3346 3302
3347 3303
3348 3304
3349 3305
3350 3306
3351 3307
3352 3308
3353 3309
3354 3310
3355 3311
3356 3312
3357 3313
3358 3314
3359 3315
3360 3316
3361 3317
3362 3318
3363 3319
3364 3320
3365 3321
3366 3322
3367 3323
3368 3324
3369 3325
3370 3326
3371 3327
3372 3328
3373 3329
3374 3330
3375 3331
3377 3332
3378 3333
3379 3334
3380 3335
3381 3336
3382 3337
3383 3338
3384 3339
3385 3340
3386 3341
3387 3342
3388 3343
3389 3344
3390 3345
3391 3346
3392 3347
3393 3348
3394 3349
3395 3350
3396 3351
3397 3352
3398 3353
3399 3354
3400 3355
3401 3356
3402 3357
3403 3358
3404 3359
3405 3360
3406 3361
3408 3362
3409 3363
3410 3364
3411 3365
3412 3366
3413 3367
3414 3368
3415 3369
3416 3370
3417 3371
3418 3372
3419 3373
3420 3374
3421 3375
3422 3376
3423 3377
3424 3378
3425 3379
3426 3380
3427 3381
3428 3382
3429 3383
3430 3384
3431 3385
3432 3386
3433 3387
3434 3388
3435 3389
3436 3390
3437 3391
3438 3392
3439 3393
3440 3394
3441 3395
3442 3396
3443 3397
3444 3398
3445 3399
3446 3400
3447 3401
3448 3402
3449 3403
3450 3404
3451 3405
3452 3406
3453 3407
3454 3408
3455 3409
3456 3410
3457 3411
3458 3412
3459 3413
3460 3414
3461 3415
3462 3416
3463 3417
3464 3418
3465 3419
3466 3420
3467 3421
3468 3422
3469 3423
3470 3424
3471 3425
3472 3426
3473 3427
3474 3428
3475 3429
3476 3430
3477 3431
3478 3432
3479 3433
3480 3434
3481 3435
3482 3436
3483 3437
3484 3438
3485 3439
3486 3440
3487 3441
3488 3442
3489 3443
3490 3444
3491 3445
3492 3446
3493 3447
3494 3448
3495 3449
3496 3450
3497 3451
3498 3452
3499 3453
3500 3454
3501 3455
3502 3456
3503 3457
3504 3458
3505 3459
3506 3460
3507 3461
3508 3462
3509 3463
3510 3464
3511 3465
3512 3466
3513 3467
3514 3468
3515 3469
3516 3470
3517 3471
3518 3472
3519 3473
3520 3474
3521 3475
3522 3476
3523 3477
3524 3478
3525 3479
3526 3480
3527 3481
3528 3482
3529 3483
3531 3484
3532 3485
3533 3486
3534 3487
3535 3488
3536 3489
3537 3490
3538 3491
3539 3492
3540 3493
3541 3494
3542 3495
3543 3496
3544 3497
3545 3498
3546 3499
3547 3500
3548 3501
3549 3502
3550 3503
3551 3504
3553 3505
3554 3506
3555 3507
3556 3508
3557 3509
3558 3510
3559 3511
3560 3512
3561 3513
3562 3514
3563 3515
3564 3516
3565 3517
3566 3518
3567 3519
3568 3520
3569 3521
3570 3522
3571 3523
3572 3524
3573 3525
3574 3526
3575 3527
3576 3528
3577 3529
3578 3530
3579 3531
3580 3532
3581 3533
3582 3534
3583 3535
3584 3536
3585 3537
3586 3538
3587 3539
3588 3540
3589 3541
3590 3542
3591 3543
3592 3544
3593 3545
3594 3546
3595 3547
3596 3548
3597 3549
3599 3550
3600 3551
3601 3552
3602 3553
3603 3554
3604 3555
3605 3556
3606 3557
3607 3558
3608 3559
3609 3560
3610 3561
3611 3562
3612 3563
3613 3564
3614 3565
3615 3566
3616 3567
3617 3568
3618 3569
3619 3570
3620 3571
3621 3572
3622 3573
3623 3574
3624 3575
3625 3576
3626 3577
3627 3578
3628 3579
3629 3580
3630 3581
3631 3582
3632 3583
3634 3584
3635 3585
3636 3586
3637 3587
3638 3588
3639 3589
3640 3590
3641 3591
3642 3592
3643 3593
3644 3594
3645 3595
3646 3596
3647 3597
3648 3598
3649 3599
3650 3600
3651 3601
3652 3602
3653 3603
3654 3604
3655 3605
3656 3606
3657 3607
3658 3608
3659 3609
3660 3610
3661 3611
3662 3612
3663 3613
3664 3614
3665 3615
3666 3616
3667 3617
3668 3618
3669 3619
3670 3620
3671 3621
3672 3622
3673 3623
3674 3624
3675 3625
3676 3626
3677 3627
3678 3628
3679 3629
3680 3630
3681 3631
3682 3632
3683 3633
3684 3634
3685 3635
3686 3636
3687 3637
3688 3638
3689 3639
3690 3640
3691 3641
3692 3642
3693 3643
3694 3644
3695 3645
3696 3646
3697 3647
3698 3648
3699 3649
3700 3650
3701 3651
3702 3652
3703 3653
3704 3654
3705 3655
3706 3656
3707 3657
3708 3658
3709 3659
3710 3660
3711 3661
3712 3662
3713 3663
3714 3664
3715 3665
3716 3666
3717 3667
3718 3668
3719 3669
3720 3670
3721 3671
3722 3672
3723 3673
3724 3674
3725 3675
3726 3676
3727 3677
3728 3678
3729 3679
3730 3680
3731 3681
3732 3682
3733 3683
3734 3684
3735 3685
3736 3686
3737 3687
3738 3688
3739 3689
3740 3690
3741 3691
3742 3692
3743 3693
3744 3694
3745 3695
3746 3696
3747 3697
3748 3698
3749 3699
3750 3700
3751 3701
3752 3702
3753 3703
3754 3704
3755 3705
3756 3706
3757 3707
3758 3708
3759 3709
3760 3710
3761 3711
3762 3712
3763 3713
3764 3714
3765 3715
3766 3716
3767 3717
3768 3718
3769 3719
3770 3720
3771 3721
3772 3722
3773 3723
3774 3724
3775 3725
3776 3726
3777 3727
3778 3728
3779 3729
3780 3730
3781 3731
3782 3732
3783 3733
3784 3734
3785 3735
3786 3736
3788 3737
3789 3738
3790 3739
3791 3740
3792 3741
3793 3742
3794 3743
3795 3744
3796 3745
3797 3746
3798 3747
3799 3748
3800 3749
3801 3750
3802 3751
3803 3752
3804 3753
3805 3754
3806 3755
3807 3756
3808 3757
3809 3758
3810 3759
3811 3760
3812 3761
3813 3762
3814 3763
3815 3764
3816 3765
3817 3766
3818 3767
3819 3768
3820 3769
3821 3770
3822 3771
3823 3772
3824 3773
3825 3774
3826 3775
3827 3776
3828 3777
3829 3778
3830 3779
3831 3780
3832 3781
3833 3782
3834 3783
3835 3784
3836 3785
3837 3786
3838 3787
3839 3788
3840 3789
3841 3790
3842 3791
3843 3792
3844 3793
3845 3794
3846 3795
3847 3796
3848 3797
3849 3798
3850 3799
3851 3800
3852 3801
3853 3802
3854 3803
3855 3804
3856 3805
3857 3806
3858 3807
3859 3808
3860 3809
3861 3810
3862 3811
3863 3812
3864 3813
3865 3814
3866 3815
3867 3816
3868 3817
3869 3818
3870 3819
3871 3820
3872 3821
3873 3822
3874 3823
3875 3824
3876 3825
3877 3826
3878 3827
3879 3828
3880 3829
3881 3830
3882 3831
3884 3832
3885 3833
3886 3834
3887 3835
3888 3836
3889 3837
3890 3838
3891 3839
3892 3840
3893 3841
3894 3842
3895 3843
3896 3844
3897 3845
3898 3846
3899 3847
3900 3848
3901 3849
3902 3850
3903 3851
3904 3852
3905 3853
3906 3854
3907 3855
3908 3856
3909 3857
3910 3858
3911 3859
3912 3860
3913 3861
3914 3862
3915 3863
3916 3864
3917 3865
3918 3866
3919 3867
3920 3868
3921 3869
3922 3870
3923 3871
3924 3872
3925 3873
3926 3874
3927 3875
3928 3876
3929 3877
3930 3878
3931 3879
3932 3880
3933 3881
3934 3882
3935 3883
3936 3884
3937 3885
3938 3886
3939 3887
3940 3888
3941 3889
3942 3890
3943 3891
3944 3892
3945 3893
3946 3894
3947 3895
3948 3896
3949 3897
3950 3898
3951 3899
3952 3900
3953 3901
3954 3902
3955 3903
3956 3904
3957 3905
3958 3906
3959 3907
3960 3908
3961 3909
3962 3910
3963 3911
3964 3912
3965 3913
3966 3914
3967 3915
3968 3916
3970 3917
3971 3918
3972 3919
3973 3920
3974 3921
3975 3922
3976 3923
3977 3924
3978 3925
3979 3926
3980 3927
3981 3928
3982 3929
3983 3930
3984 3931
3985 3932
3986 3933
3987 3934
3988 3935
3989 3936
3990 3937
3991 3938
3992 3939
3993 3940
3994 3941
3995 3942
3996 3943
3997 3944
3998 3945
3999 3946
4000 3947
4001 3948
4002 3949
4003 3950
4004 3951
4005 3952
4006 3953
4007 3954
4008 3955
4009 3956
4010 3957
4011 3958
4012 3959
4013 3960
4014 3961
4015 3962
4016 3963
4017 3964
4018 3965
4019 3966
4020 3967
4021 3968
4022 3969
4023 3970
4024 3971
4025 3972
4026 3973
4027 3974
4028 3975
4029 3976
4030 3977
4031 3978
4032 3979
4033 3980
4034 3981
4035 3982
4036 3983
4037 3984
4038 3985
4039 3986
4040 3987
4041 3988
4042 3989
4043 3990
4044 3991
4045 3992
4046 3993
4047 3994
4048 3995
4049 3996
4050 3997
4051 3998
4052 3999
4053 4000
4054 4001
4055 4002
4056 4003
4057 4004
4058 4005
4059 4006
4060 4007
4061 4008
4062 4009
4063 4010
4064 4011
4065 4012
4066 4013
4067 4014
4069 4015
4070 4016
4071 4017
4072 4018
4073 4019
4074 4020
4075 4021
4076 4022
4077 4023
4078 4024
4079 4025
4080 4026
4081 4027
4082 4028
4083 4029
4084 4030
4085 4031
4086 4032
4087 4033
4088 4034
4089 4035
4090 4036
4091 4037
4092 4038
4093 4039
4094 4040
4095 4041
4096 4042
4097 4043
4098 4044
4099 4045
4100 4046
4101 4047
4102 4048
4103 4049
4104 4050
4105 4051
4106 4052
4107 4053
4108 4054
4109 4055
4110 4056
4111 4057
4112 4058
4113 4059
4114 4060
4115 4061
4116 4062
4117 4063
4118 4064
4119 4065
4120 4066
4121 4067
4122 4068
4123 4069
4124 4070
4125 4071
4126 4072
4127 4073
4128 4074
4129 4075
4130 4076
4131 4077
4132 4078
4133 4079
4134 4080
4135 4081
4136 4082
4137 4083
4138 4084
4139 4085
4140 4086
4141 4087
4142 4088
4143 4089
4144 4090
4145 4091
4146 4092
4147 4093
4148 4094
4149 4095
4150 4096
4151 4097
4152 4098
4153 4099
4154 4100
4155 4101
4156 4102
4157 4103
4158 4104
4159 4105
4160 4106
4161 4107
4162 4108
4163 4109
4164 4110
4165 4111
4166 4112
4167 4113
4168 4114
4169 4115
4170 4116
4171 4117
4172 4118
4173 4119
4174 4120
4175 4121
4176 4122
4177 4123
4179 4124
4180 4125
4181 4126
4182 4127
4183 4128
4184 4129
4185 4130
4186 4131
4187 4132
4188 4133
4189 4134
4190 4135
4191 4136
4193 4137
4194 4138
4195 4139
4196 4140
4197 4141
4198 4142
4199 4143
4200 4144
4201 4145
4202 4146
4203 4147
4204 4148
4205 4149
4206 4150
4207 4151
4208 4152
4209 4153
4210 4154
4211 4155
4212 4156
4213 4157
4214 4158
4215 4159
4216 4160
4217 4161
4218 4162
4219 4163
4220 4164
4221 4165
4222 4166
4223 4167
4224 4168
4225 4169
4226 4170
4227 4171
4228 4172
4229 4173
4230 4174
4231 4175
4232 4176
4233 4177
4234 4178
4235 4179
4236 4180
4237 4181
4238 4182
4239 4183
4240 4184
4241 4185
4242 4186
4243 4187
4245 4188
4246 4189
4247 4190
4248 4191
4249 4192
4250 4193
4251 4194
4252 4195
4253 4196
4254 4197
4255 4198
4256 4199
4257 4200
4258 4201
4259 4202
4260 4203
4261 4204
4262 4205
4263 4206
4264 4207
4265 4208
4266 4209
4267 4210
4268 4211
4269 4212
4270 4213
4271 4214
4272 4215
4273 4216
4274 4217
4275 4218
4276 4219
4277 4220
4278 4221
4279 4222
4280 4223
4281 4224
4282 4225
4283 4226
4284 4227
4285 4228
4286 4229
4287 4230
4288 4231
4289 4232
4290 4233
4291 4234
4292 4235
4293 4236
4294 4237
4295 4238
4296 4239
4297 4240
4298 4241
4299 4242
4300 4243
4301 4244
4302 4245
4303 4246
4304 4247
4305 4248
4306 4249
4307 4250
4308 4251
4309 4252
4310 4253
4311 4254
4312 4255
4313 4256
4314 4257
4315 4258
4316 4259
4317 4260
4318 4261
4319 4262
4320 4263
4321 4264
4322 4265
4323 4266
4324 4267
4325 4268
4326 4269
4327 4270
4328 4271
4329 4272
4330 4273
4331 4274
4333 4275
4334 4276
4335 4277
4336 4278
4337 4279
4338 4280
4339 4281
4340 4282
4341 4283
4342 4284
4343 4285
4344 4286
4345 4287
4346 4288
4347 4289
4348 4290
4349 4291
4350 4292
4351 4293
4352 4294
4353 4295
4354 4296
4355 4297
4356 4298
4357 4299
4358 4300
4359 4301
4360 4302
4361 4303
4362 4304
4363 4305
4364 4306
4366 4307
4367 4308
4368 4309
4369 4310
4370 4311
4371 4312
4372 4313
4373 4314
4374 4315
4375 4316
4376 4317
4377 4318
4378 4319
4379 4320
4380 4321
4381 4322
4382 4323
4384 4324
4385 4325
4386 4326
4387 4327
4388 4328
4389 4329
4390 4330
4391 4331
4392 4332
4394 4333
4395 4334
4396 4335
4397 4336
4399 4337
4400 4338
4401 4339
4402 4340
4403 4341
4404 4342
4405 4343
4406 4344
4407 4345
4408 4346
4409 4347
4410 4348
4411 4349
4412 4350
4413 4351
4414 4352
4415 4353
4416 4354
4417 4355
4418 4356
4420 4357
4421 4358
4422 4359
4423 4360
4424 4361
4425 4362
4426 4363
4427 4364
4428 4365
4429 4366
4430 4367
4431 4368
4432 4369
4433 4370
4434 4371
4435 4372
4436 4373
4437 4374
4438 4375
4439 4376
4440 4377
4441 4378
4442 4379
4443 4380
4444 4381
4445 4382
4446 4383
4447 4384
4448 4385
4449 4386
4450 4387
4451 4388
4452 4389
4453 4390
4454 4391
4455 4392
4456 4393
4457 4394
4458 4395
4459 4396
4460 4397
4461 4398
4462 4399
4464 4400
4465 4401
4466 4402
4467 4403
4468 4404
4469 4405
4470 4406
4471 4407
4472 4408
4473 4409
4474 4410
4475 4411
4476 4412
4477 4413
4478 4414
4479 4415
4480 4416
4481 4417
4482 4418
4483 4419
4484 4420
4485 4421
4487 4422
4488 4423
4489 4424
4490 4425
4491 4426
4492 4427
4493 4428
4494 4429
4495 4430
4496 4431
4497 4432
4498 4433
4499 4434
4500 4435
4501 4436
4502 4437
4503 4438
4504 4439
4505 4440
4506 4441
4507 4442
4508 4443
4509 4444
4510 4445
4511 4446
4512 4447
4513 4448
4514 4449
4515 4450
4516 4451
4517 4452
4518 4453
4519 4454
4520 4455
4521 4456
4522 4457
4523 4458
4524 4459
4526 4460
4528 4461
4529 4462
4530 4463
4531 4464
4532 4465
4533 4466
4534 4467
4535 4468
4536 4469
4537 4470
4538 4471
4539 4472
4540 4473
4541 4474
4542 4475
4543 4476
4544 4477
4545 4478
4546 4479
4548 4480
4549 4481
4550 4482
4551 4483
4552 4484
4553 4485
4554 4486
4555 4487
4556 4488
4557 4489
4558 4490
4559 4491
4560 4492
4561 4493
4562 4494
4563 4495
4564 4496
4565 4497
4566 4498
4567 4499
4568 4500
4569 4501
4570 4502
4571 4503
4572 4504
4573 4505
4574 4506
4575 4507
4576 4508
4577 4509
4578 4510
4579 4511
4580 4512
4581 4513
4582 4514
4583 4515
4584 4516
4585 4517
4586 4518
4587 4519
4588 4520
4589 4521
4590 4522
4591 4523
4592 4524
4593 4525
4594 4526
4595 4527
4596 4528
4597 4529
4598 4530
4599 4531
4600 4532
4601 4533
4602 4534
4603 4535
4604 4536
4605 4537
4606 4538
4607 4539
4608 4540
4609 4541
4610 4542
4611 4543
4612 4544
4613 4545
4614 4546
4615 4547
4616 4548
4617 4549
4618 4550
4619 4551
4620 4552
4621 4553
4622 4554
4623 4555
4624 4556
4625 4557
4626 4558
4627 4559
4629 4560
4630 4561
4631 4562
4632 4563
4633 4564
4634 4565
4635 4566
4636 4567
4637 4568
4638 4569
4639 4570
4640 4571
4641 4572
4642 4573
4643 4574
4644 4575
4645 4576
4646 4577
4647 4578
4648 4579
4649 4580
4650 4581
4651 4582
4652 4583
4653 4584
4654 4585
4655 4586
4656 4587
4657 4588
4658 4589
4659 4590
4660 4591
4661 4592
4662 4593
4663 4594
4664 4595
4665 4596
4666 4597
4667 4598
4668 4599
4669 4600
4670 4601
4671 4602
4672 4603
4673 4604
4674 4605
4675 4606
4676 4607
4677 4608
4678 4609
4679 4610
4680 4611
4681 4612
4682 4613
4683 4614
4684 4615
4685 4616
4686 4617
4687 4618
4688 4619
4689 4620
4690 4621
4691 4622
4692 4623
4693 4624
4694 4625
4695 4626
4696 4627
4697 4628
4698 4629
4699 4630
4700 4631
4701 4632
4702 4633
4703 4634
4704 4635
4705 4636
4706 4637
4707 4638
4708 4639
4709 4640
4710 4641
4711 4642
4712 4643
4713 4644
4714 4645
4715 4646
4716 4647
4717 4648
4718 4649
4719 4650
4720 4651
4721 4652
4722 4653
4723 4654
4724 4655
4725 4656
4726 4657
4727 4658
4728 4659
4729 4660
4730 4661
4731 4662
4732 4663
4733 4664
4734 4665
4735 4666
4736 4667
4737 4668
4738 4669
4739 4670
4740 4671
4741 4672
4742 4673
4743 4674
4744 4675
4745 4676
4746 4677
4747 4678
4748 4679
4750 4680
4751 4681
4752 4682
4753 4683
4754 4684
4755 4685
4756 4686
4757 4687
4758 4688
4759 4689
4760 4690
4761 4691
4762 4692
4763 4693
4764 4694
4765 4695
4766 4696
4767 4697
4768 4698
4769 4699
4770 4700
4771 4701
4772 4702
4773 4703
4774 4704
4776 4705
4777 4706
4778 4707
4779 4708
4780 4709
4781 4710
4782 4711
4783 4712
4784 4713
4785 4714
4786 4715
4787 4716
4788 4717
4789 4718
4790 4719
4791 4720
4792 4721
4793 4722
4794 4723
4795 4724
4796 4725
4797 4726
4798 4727
4799 4728
4800 4729
4801 4730
4802 4731
4803 4732
4804 4733
4805 4734
4806 4735
4807 4736
4808 4737
4809 4738
4810 4739
4811 4740
4812 4741
4813 4742
4814 4743
4815 4744
4816 4745
4817 4746
4818 4747
4819 4748
4820 4749
4821 4750
4822 4751
4823 4752
4824 4753
4825 4754
4826 4755
4827 4756
4828 4757
4829 4758
4830 4759
4831 4760
4832 4761
4833 4762
4834 4763
4835 4764
4836 4765
4837 4766
4838 4767
4839 4768
4840 4769
4841 4770
4842 4771
4843 4772
4844 4773
4845 4774
4846 4775
4847 4776
4848 4777
4849 4778
4850 4779
4851 4780
4852 4781
4853 4782
4854 4783
4855 4784
4856 4785
4857 4786
4858 4787
4859 4788
4860 4789
4861 4790
4862 4791
4863 4792
4864 4793
4865 4794
4866 4795
4867 4796
4868 4797
4869 4798
4870 4799
4871 4800
4872 4801
4873 4802
4874 4803
4875 4804
4876 4805
4877 4806
4878 4807
4879 4808
4880 4809
4881 4810
4882 4811
4883 4812
4884 4813
4885 4814
4886 4815
4887 4816
4888 4817
4889 4818
4890 4819
4891 4820
4892 4821
4893 4822
4894 4823
4895 4824
4896 4825
4897 4826
4898 4827
4899 4828
4900 4829
4901 4830
4902 4831
4903 4832
4904 4833
4905 4834
4906 4835
4907 4836
4908 4837
4909 4838
4910 4839
4911 4840
4912 4841
4913 4842
4914 4843
4915 4844
4916 4845
4917 4846
4918 4847
4919 4848
4920 4849
4921 4850
4922 4851
4923 4852
4924 4853
4925 4854
4926 4855
4927 4856
4928 4857
4929 4858
4930 4859
4931 4860
4932 4861
4933 4862
4934 4863
4935 4864
4936 4865
4937 4866
4938 4867
4939 4868
4940 4869
4941 4870
4942 4871
4943 4872
4944 4873
4945 4874
4946 4875
4947 4876
4948 4877
4949 4878
4950 4879
4951 4880
4952 4881
4953 4882
4954 4883
4955 4884
4956 4885
4957 4886
4958 4887
4959 4888
4960 4889
4961 4890
4962 4891
4963 4892
4964 4893
4965 4894
4966 4895
4967 4896
4968 4897
4969 4898
4970 4899
4971 4900
4972 4901
4973 4902
4974 4903
4975 4904
4976 4905
4977 4906
4978 4907
4979 4908
4980 4909
4981 4910
4982 4911
4983 4912
4984 4913
4985 4914
4986 4915
4987 4916
4988 4917
4989 4918
4990 4919
4992 4920
4993 4921
4994 4922
4995 4923
4996 4924
4997 4925
4998 4926
4999 4927
5000 4928
5001 4929
5002 4930
5003 4931
5004 4932
5005 4933
5006 4934
5007 4935
5008 4936
5009 4937
5010 4938
5011 4939
5013 4940
5014 4941
5015 4942
5016 4943
5017 4944
5018 4945
5019 4946
5020 4947
5021 4948
5022 4949
5023 4950
5024 4951
5025 4952
5026 4953
5028 4954
5029 4955
5030 4956
5031 4957
5032 4958
5033 4959
5034 4960
5035 4961
5036 4962
5037 4963
5038 4964
5039 4965
5040 4966
5041 4967
5042 4968
5043 4969
5044 4970
5045 4971
5046 4972
5047 4973
5048 4974
5049 4975
5050 4976
5051 4977
5052 4978
5053 4979
5054 4980
5055 4981
5056 4982
5057 4983
5058 4984
5059 4985
5060 4986
5061 4987
5062 4988
5063 4989
5064 4990
5065 4991
5066 4992
5067 4993
5068 4994
5069 4995
5070 4996
5071 4997
5072 4998
5073 4999
5074 5000
5075 5001
5076 5002
5077 5003
5078 5004
5079 5005
5080 5006
5081 5007
5082 5008
5083 5009
5084 5010
5085 5011
5086 5012
5087 5013
5088 5014
5089 5015
5090 5016
5091 5017
5092 5018
5093 5019
5094 5020
5095 5021
5096 5022
5097 5023
5098 5024
5099 5025
5100 5026
5101 5027
5102 5028
5103 5029
5104 5030
5105 5031
5106 5032
5107 5033
5108 5034
5109 5035
5110 5036
5111 5037
5112 5038
5113 5039
5114 5040
5115 5041
5116 5042
5117 5043
5118 5044
5119 5045
5120 5046
5121 5047
5122 5048
5123 5049
5124 5050
5125 5051
5126 5052
5127 5053
5128 5054
5129 5055
5130 5056
5131 5057
5132 5058
5133 5059
5134 5060
5135 5061
5136 5062
5137 5063
5138 5064
5139 5065
5140 5066
5141 5067
5142 5068
5143 5069
5144 5070
5146 5071
5147 5072
5148 5073
5149 5074
5150 5075
5151 5076
5152 5077
5153 5078
5154 5079
5155 5080
5156 5081
5157 5082
5158 5083
5160 5084
5161 5085
5162 5086
5163 5087
5164 5088
5165 5089
5166 5090
5167 5091
5169 5092
5170 5093
5171 5094
5172 5095
5173 5096
5174 5097
5175 5098
5176 5099
5177 5100
5178 5101
5179 5102
5180 5103
5181 5104
5182 5105
5183 5106
5184 5107
5185 5108
5186 5109
5187 5110
5188 5111
5189 5112
5190 5113
5191 5114
5192 5115
5193 5116
5194 5117
5195 5118
5196 5119
5197 5120
5198 5121
5199 5122
5200 5123
5201 5124
5202 5125
5203 5126
5204 5127
5205 5128
5206 5129
5207 5130
5208 5131
5209 5132
5210 5133
5211 5134
5212 5135
5213 5136
5214 5137
5217 5138
5218 5139
5219 5140
5220 5141
5221 5142
5222 5143
5223 5144
5224 5145
5225 5146
5226 5147
5227 5148
5228 5149
5229 5150
5230 5151
5231 5152
5232 5153
5233 5154
5234 5155
5235 5156
5236 5157
5237 5158
5238 5159
5239 5160
5240 5161
5241 5162
5242 5163
5243 5164
5244 5165
5245 5166
5246 5167
5247 5168
5248 5169
5249 5170
5250 5171
5251 5172
5252 5173
5253 5174
5254 5175
5255 5176
5256 5177
5257 5178
5259 5179
5260 5180
5261 5181
5262 5182
5263 5183
5264 5184
5265 5185
5266 5186
5267 5187
5268 5188
5269 5189
5270 5190
5271 5191
5272 5192
5273 5193
5274 5194
5275 5195
5276 5196
5277 5197
5278 5198
5279 5199
5280 5200
5281 5201
5282 5202
5283 5203
5284 5204
5285 5205
5286 5206
5287 5207
5288 5208
5289 5209
5290 5210
5291 5211
5292 5212
5293 5213
5294 5214
5295 5215
5296 5216
5297 5217
5298 5218
5299 5219
5300 5220
5301 5221
5302 5222
5303 5223
5304 5224
5305 5225
5306 5226
5307 5227
5308 5228
5310 5229
5311 5230
5312 5231
5313 5232
5315 5233
5316 5234
5317 5235
5318 5236
5319 5237
5320 5238
5321 5239
5322 5240
5323 5241
5324 5242
5325 5243
5326 5244
5327 5245
5328 5246
5329 5247
5330 5248
5331 5249
5332 5250
5333 5251
5334 5252
5335 5253
5336 5254
5337 5255
5338 5256
5339 5257
5340 5258
5341 5259
5342 5260
5343 5261
5344 5262
5345 5263
5346 5264
5347 5265
5348 5266
5349 5267
5350 5268
5351 5269
5352 5270
5353 5271
5354 5272
5355 5273
5356 5274
5357 5275
5358 5276
5359 5277
5360 5278
5361 5279
5362 5280
5363 5281
5364 5282
5365 5283
5366 5284
5367 5285
5368 5286
5369 5287
5370 5288
5371 5289
5372 5290
5373 5291
5374 5292
5375 5293
5376 5294
5377 5295
5378 5296
5379 5297
5381 5298
5382 5299
5383 5300
5384 5301
5385 5302
5386 5303
5387 5304
5388 5305
5389 5306
5390 5307
5391 5308
5392 5309
5393 5310
5394 5311
5395 5312
5396 5313
5397 5314
5398 5315
5399 5316
5400 5317
5401 5318
5402 5319
5403 5320
5404 5321
5405 5322
5406 5323
5407 5324
5408 5325
5409 5326
5410 5327
5411 5328
5412 5329
5413 5330
5414 5331
5415 5332
5416 5333
5417 5334
5418 5335
5419 5336
5420 5337
5421 5338
5422 5339
5423 5340
5424 5341
5425 5342
5426 5343
5427 5344
5428 5345
5429 5346
5430 5347
5431 5348
5432 5349
5433 5350
5434 5351
5435 5352
5436 5353
5437 5354
5438 5355
5439 5356
5440 5357
5441 5358
5442 5359
5443 5360
5444 5361
5445 5362
5446 5363
5447 5364
5448 5365
5449 5366
5450 5367
5451 5368
5452 5369
5453 5370
5454 5371
5455 5372
5456 5373
5457 5374
5458 5375
5459 5376
5460 5377
5461 5378
5462 5379
5463 5380
5464 5381
5465 5382
5466 5383
5467 5384
5468 5385
5469 5386
5470 5387
5471 5388
5472 5389
5473 5390
5474 5391
5475 5392
5476 5393
5477 5394
5478 5395
5479 5396
5480 5397
5481 5398
5482 5399
5483 5400
5484 5401
5485 5402
5486 5403
5487 5404
5488 5405
5489 5406
5490 5407
5491 5408
5492 5409
5493 5410
5494 5411
5495 5412
5496 5413
5497 5414
5498 5415
5499 5416
5500 5417
5501 5418
5502 5419
5503 5420
5504 5421
5505 5422
5506 5423
5507 5424
5508 5425
5509 5426
5510 5427
5511 5428
5512 5429
5513 5430
5514 5431
5515 5432
5516 5433
5517 5434
5518 5435
5519 5436
5520 5437
5521 5438
5522 5439
5523 5440
5524 5441
5526 5442
5527 5443
5528 5444
5529 5445
5530 5446
5531 5447
5532 5448
5534 5449
5535 5450
5536 5451
5537 5452
5538 5453
5539 5454
5540 5455
5541 5456
5542 5457
5543 5458
5544 5459
5545 5460
5546 5461
5547 5462
5548 5463
5549 5464
5550 5465
5551 5466
5552 5467
5553 5468
5554 5469
5555 5470
5556 5471
5557 5472
5558 5473
5559 5474
5560 5475
5561 5476
5562 5477
5563 5478
5564 5479
5565 5480
5566 5481
5567 5482
5568 5483
5569 5484
5570 5485
5571 5486
5572 5487
5573 5488
5574 5489
5575 5490
5576 5491
5577 5492
5578 5493
5579 5494
5580 5495
5581 5496
5582 5497
5583 5498
5584 5499
5585 5500
5586 5501
5587 5502
5588 5503
5589 5504
5590 5505
5591 5506
5592 5507
5593 5508
5594 5509
5595 5510
5596 5511
5597 5512
5598 5513
5599 5514
5600 5515
5601 5516
5602 5517
5603 5518
5604 5519
5605 5520
5606 5521
5607 5522
5608 5523
5609 5524
5610 5525
5611 5526
5612 5527
5613 5528
5614 5529
5615 5530
5616 5531
5617 5532
5618 5533
5619 5534
5620 5535
5621 5536
5622 5537
5623 5538
5624 5539
5625 5540
5626 5541
5627 5542
5628 5543
5629 5544
5630 5545
5631 5546
5632 5547
5633 5548
5634 5549
5635 5550
5636 5551
5637 5552
5638 5553
5639 5554
5640 5555
5641 5556
5642 5557
5643 5558
5644 5559
5645 5560
5646 5561
5647 5562
5648 5563
5649 5564
5650 5565
5651 5566
5652 5567
5653 5568
5654 5569
5655 5570
5656 5571
5657 5572
5658 5573
5659 5574
5660 5575
5661 5576
5662 5577
5663 5578
5664 5579
5665 5580
5666 5581
5667 5582
5668 5583
5669 5584
5670 5585
5671 5586
5672 5587
5673 5588
5674 5589
5675 5590
5676 5591
5677 5592
5678 5593
5679 5594
5680 5595
5681 5596
5682 5597
5683 5598
5684 5599
5685 5600
5686 5601
5687 5602
5688 5603
5689 5604
5690 5605
5691 5606
5692 5607
5693 5608
5694 5609
5695 5610
5696 5611
5697 5612
5698 5613
5699 5614
5700 5615
5701 5616
5702 5617
5703 5618
5704 5619
5705 5620
5706 5621
5707 5622
5708 5623
5709 5624
5710 5625
5711 5626
5712 5627
5713 5628
5714 5629
5715 5630
5716 5631
5717 5632
5718 5633
5719 5634
5720 5635
5721 5636
5722 5637
5723 5638
5724 5639
5726 5640
5727 5641
5728 5642
5729 5643
5730 5644
5731 5645
5732 5646
5733 5647
5734 5648
5735 5649
5736 5650
5737 5651
5738 5652
5739 5653
5740 5654
5741 5655
5742 5656
5743 5657
5744 5658
5745 5659
5746 5660
5747 5661
5748 5662
5749 5663
5750 5664
5751 5665
5752 5666
5753 5667
5754 5668
5755 5669
5756 5670
5757 5671
5758 5672
5759 5673
5760 5674
5761 5675
5762 5676
5763 5677
5764 5678
5765 5679
5766 5680
5767 5681
5768 5682
5769 5683
5770 5684
5771 5685
5772 5686
5773 5687
5774 5688
5775 5689
5776 5690
5777 5691
5778 5692
5779 5693
5780 5694
5781 5695
5782 5696
5783 5697
5784 5698
5785 5699
5786 5700
5787 5701
5788 5702
5789 5703
5790 5704
5791 5705
5792 5706
5793 5707
5794 5708
5795 5709
5796 5710
5797 5711
5798 5712
5799 5713
5800 5714
5801 5715
5802 5716
5803 5717
5804 5718
5805 5719
5806 5720
5807 5721
5808 5722
5809 5723
5810 5724
5811 5725
5812 5726
5813 5727
5814 5728
5815 5729
5816 5730
5817 5731
5818 5732
5819 5733
5820 5734
5821 5735
5822 5736
5823 5737
5824 5738
5825 5739
5826 5740
5827 5741
5829 5742
5830 5743
5831 5744
5832 5745
5833 5746
5834 5747
5835 5748
5836 5749
5837 5750
5838 5751
5839 5752
5840 5753
5841 5754
5842 5755
5843 5756
5844 5757
5845 5758
5846 5759
5847 5760
5848 5761
5849 5762
5850 5763
5851 5764
5852 5765
5853 5766
5854 5767
5855 5768
5856 5769
5857 5770
5858 5771
5859 5772
5860 5773
5861 5774
5862 5775
5863 5776
5864 5777
5865 5778
5866 5779
5867 5780
5868 5781
5869 5782
5870 5783
5871 5784
5872 5785
5873 5786
5874 5787
5875 5788
5876 5789
5877 5790
5878 5791
5879 5792
5880 5793
5881 5794
5882 5795
5883 5796
5884 5797
5885 5798
5886 5799
5887 5800
5888 5801
5889 5802
5890 5803
5891 5804
5892 5805
5893 5806
5894 5807
5895 5808
5896 5809
5897 5810
5898 5811
5899 5812
5900 5813
5901 5814
5902 5815
5903 5816
5905 5817
5906 5818
5907 5819
5908 5820
5909 5821
5910 5822
5911 5823
5912 5824
5913 5825
5914 5826
5915 5827
5916 5828
5917 5829
5918 5830
5919 5831
5920 5832
5921 5833
5922 5834
5923 5835
5924 5836
5925 5837
5926 5838
5927 5839
5928 5840
5929 5841
5930 5842
5931 5843
5932 5844
5933 5845
5934 5846
5935 5847
5936 5848
5937 5849
5938 5850
5939 5851
5940 5852
5941 5853
5942 5854
5943 5855
5944 5856
5945 5857
5946 5858
5947 5859
5948 5860
5949 5861
5950 5862
5951 5863
5952 5864
5953 5865
5954 5866
5955 5867
5956 5868
5957 5869
5958 5870
5959 5871
5960 5872
5961 5873
5962 5874
5963 5875
5964 5876
5965 5877
5966 5878
5967 5879
5968 5880
5969 5881
5970 5882
5971 5883
5972 5884
5973 5885
5974 5886
5975 5887
5976 5888
5977 5889
5978 5890
5979 5891
5980 5892
5981 5893
5982 5894
5983 5895
5984 5896
5985 5897
5986 5898
5987 5899
5988 5900
5989 5901
5990 5902
5991 5903
5992 5904
5993 5905
5994 5906
5995 5907
5996 5908
5997 5909
5998 5910
5999 5911
6000 5912
6001 5913
6002 5914
6003 5915
6004 5916
6005 5917
6006 5918
6007 5919
6008 5920
6009 5921
6010 5922
6011 5923
6012 5924
6013 5925
6014 5926
6015 5927
6016 5928
6017 5929
6018 5930
6019 5931
6020 5932
6021 5933
6022 5934
6023 5935
6024 5936
6025 5937
6026 5938
6027 5939
6028 5940
6029 5941
6030 5942
6031 5943
6032 5944
6033 5945
6034 5946
6035 5947
6036 5948
6037 5949
6039 5950
6040 5951
