org_id remap_id
298 0
253 1
286 2
200 3
122 4
291 5
119 6
167 7
299 8
308 9
38 10
63 11
160 12
301 13
225 14
290 15
157 16
278 17
7 18
10 19
284 20
287 21
246 22
242 23
249 24
99 25
251 26
260 27
25 28
59 29
87 30
42 31
292 32
201 33
138 34
60 35
57 36
223 37
189 38
194 39
178 40
127 41
222 42
267 43
11 44
95 45
8 46
162 47
279 48
62 49
28 50
135 51
90 52
216 53
166 54
250 55
271 56
265 57
168 58
110 59
58 60
237 61
94 62
44 63
264 64
72 65
262 66
244 67
13 68
305 69
269 70
259 71
303 72
213 73
68 74
172 75
19 76
268 77
43 78
80 79
254 80
66 81
130 82
256 83
1 84
232 85
181 86
161 87
148 88
97 89
83 90
272 91
125 92
151 93
6 94
294 95
92 96
36 97
295 98
233 99
100 100
307 101
297 102
85 103
113 104
275 105
218 106
158 107
145 108
23 109
296 110
16 111
154 112
77 113
270 114
187 115
170 116
128 117
184 118
69 119
276 120
18 121
191 122
142 123
207 124
177 125
21 126
197 127
234 128
180 129
263 130
144 131
293 132
5 133
174 134
239 135
203 136
137 137
257 138
111 139
91 140
215 141
214 142
285 143
96 144
115 145
73 146
221 147
235 148
54 149
117 150
224 151
64 152
45 153
131 154
230 155
192 156
193 157
231 158
56 159
217 160
79 161
245 162
243 163
118 164
283 165
171 166
70 167
226 168
306 169
280 170
173 171
185 172
150 173
274 174
188 175
48 176
22 177
311 178
165 179
208 180
134 181
2 182
49 183
248 184
159 185
146 186
236 187
156 188
37 189
186 190
108 191
14 192
65 193
104 194
89 195
109 196
195 197
24 198
196 199
288 200
313 201
198 202
210 203
84 204
152 205
53 206
26 207
176 208
106 209
78 210
312 211
175 212
220 213
199 214
164 215
206 216
76 217
314 218
136 219
82 220
190 221
29 222
141 223
205 224
112 225
4 226
227 227
277 228
121 229
252 230
310 231
81 232
116 233
147 234
105 235
34 236
71 237
182 238
282 239
304 240
204 241
316 242
103 243
318 244
240 245
31 246
32 247
315 248
101 249
209 250
261 251
9 252
247 253
30 254
321 255
74 256
319 257
140 258
67 259
211 260
98 261
12 262
238 263
40 264
52 265
323 266
320 267
326 268
179 269
123 270
41 271
126 272
15 273
47 274
93 275
289 276
61 277
50 278
327 279
114 280
183 281
124 282
328 283
75 284
46 285
322 286
330 287
143 288
331 289
329 290
86 291
255 292
332 293
133 294
139 295
281 296
300 297
258 298
155 299
17 300
3 301
334 302
212 303
325 304
39 305
324 306
132 307
107 308
169 309
339 310
219 311
228 312
129 313
338 314
102 315
266 316
20 317
340 318
342 319
341 320
120 321
343 322
344 323
163 324
345 325
347 326
317 327
55 328
241 329
349 330
348 331
309 332
33 333
333 334
354 335
358 336
346 337
360 338
149 339
363 340
355 341
351 342
362 343
357 344
356 345
365 346
352 347
350 348
367 349
229 350
273 351
51 352
368 353
371 354
153 355
373 356
27 357
372 358
361 359
374 360
366 361
378 362
370 363
377 364
359 365
379 366
381 367
88 368
337 369
385 370
380 371
387 372
364 373
388 374
389 375
302 376
335 377
390 378
336 379
382 380
393 381
392 382
375 383
394 384
383 385
398 386
397 387
396 388
369 389
401 390
402 391
384 392
399 393
353 394
403 395
405 396
406 397
391 398
395 399
407 400
409 401
35 402
386 403
413 404
376 405
416 406
400 407
411 408
417 409
412 410
404 411
202 412
425 413
419 414
415 415
422 416
423 417
428 418
429 419
427 420
424 421
432 422
421 423
433 424
426 425
435 426
430 427
437 428
436 429
438 430
431 431
434 432
440 433
442 434
418 435
449 436
447 437
408 438
450 439
420 440
445 441
410 442
454 443
414 444
453 445
451 446
455 447
444 448
452 449
439 450
448 451
457 452
458 453
462 454
456 455
460 456
468 457
472 458
465 459
471 460
474 461
459 462
469 463
464 464
466 465
476 466
478 467
473 468
463 469
446 470
470 471
480 472
479 473
484 474
467 475
487 476
486 477
461 478
492 479
489 480
490 481
493 482
482 483
494 484
495 485
477 486
481 487
488 488
499 489
491 490
500 491
503 492
504 493
498 494
483 495
506 496
505 497
443 498
497 499
507 500
514 501
508 502
511 503
496 504
512 505
515 506
513 507
523 508
475 509
518 510
525 511
524 512
441 513
520 514
519 515
528 516
532 517
530 518
531 519
501 520
509 521
527 522
533 523
521 524
536 525
526 526
517 527
535 528
534 529
541 530
537 531
542 532
545 533
516 534
539 535
547 536
548 537
546 538
522 539
551 540
538 541
543 542
553 543
540 544
554 545
556 546
550 547
529 548
561 549
563 550
566 551
557 552
558 553
559 554
565 555
573 556
549 557
567 558
562 559
502 560
552 561
579 562
574 563
485 564
560 565
577 566
555 567
576 568
572 569
584 570
569 571
568 572
585 573
588 574
581 575
592 576
580 577
582 578
586 579
590 580
593 581
583 582
570 583
599 584
589 585
597 586
601 587
602 588
605 589
603 590
600 591
591 592
608 593
607 594
606 595
595 596
610 597
611 598
594 599
614 600
618 601
615 602
616 603
620 604
619 605
613 606
622 607
575 608
617 609
624 610
544 611
623 612
628 613
621 614
629 615
627 616
633 617
632 618
631 619
634 620
625 621
630 622
639 623
587 624
609 625
510 626
637 627
640 628
642 629
612 630
643 631
598 632
644 633
564 634
636 635
638 636
648 637
645 638
647 639
650 640
626 641
604 642
654 643
653 644
596 645
651 646
655 647
649 648
658 649
635 650
659 651
663 652
664 653
657 654
665 655
666 656
661 657
662 658
667 659
641 660
673 661
676 662
674 663
668 664
682 665
660 666
669 667
679 668
671 669
684 670
691 671
683 672
672 673
690 674
686 675
688 676
697 677
677 678
693 679
670 680
680 681
705 682
701 683
694 684
699 685
698 686
704 687
700 688
675 689
707 690
709 691
711 692
710 693
708 694
656 695
695 696
571 697
713 698
715 699
716 700
681 701
678 702
712 703
714 704
652 705
717 706
719 707
718 708
696 709
721 710
727 711
722 712
729 713
728 714
703 715
689 716
738 717
720 718
734 719
730 720
742 721
737 722
745 723
736 724
735 725
747 726
739 727
749 728
746 729
731 730
748 731
692 732
733 733
702 734
750 735
756 736
751 737
757 738
740 739
741 740
758 741
732 742
752 743
762 744
744 745
767 746
763 747
754 748
769 749
753 750
768 751
773 752
765 753
772 754
706 755
771 756
761 757
687 758
759 759
764 760
777 761
646 762
766 763
743 764
723 765
786 766
725 767
784 768
770 769
782 770
726 771
789 772
790 773
787 774
785 775
778 776
776 777
794 778
780 779
781 780
788 781
779 782
795 783
793 784
774 785
796 786
798 787
791 788
802 789
755 790
800 791
804 792
803 793
775 794
724 795
783 796
799 797
805 798
807 799
792 800
806 801
760 802
815 803
817 804
821 805
818 806
812 807
809 808
823 809
825 810
801 811
829 812
811 813
830 814
826 815
819 816
828 817
808 818
831 819
814 820
833 821
836 822
816 823
835 824
840 825
810 826
844 827
838 828
834 829
797 830
846 831
837 832
847 833
848 834
849 835
851 836
813 837
850 838
854 839
839 840
853 841
843 842
852 843
827 844
845 845
859 846
862 847
860 848
841 849
856 850
863 851
864 852
832 853
867 854
861 855
857 856
858 857
875 858
876 859
866 860
871 861
868 862
870 863
873 864
880 865
877 866
869 867
878 868
822 869
881 870
865 871
872 872
883 873
855 874
882 875
884 876
886 877
879 878
885 879
889 880
874 881
892 882
893 883
894 884
578 885
890 886
887 887
842 888
896 889
897 890
901 891
891 892
899 893
904 894
907 895
898 896
903 897
906 898
908 899
911 900
912 901
902 902
824 903
916 904
919 905
910 906
913 907
922 908
928 909
914 910
927 911
924 912
923 913
929 914
900 915
917 916
820 917
932 918
909 919
918 920
934 921
935 922
938 923
933 924
888 925
925 926
942 927
940 928
937 929
905 930
926 931
943 932
895 933
921 934
930 935
936 936
920 937
941 938
931 939
939 940
915 941
